city031_021
NAKANO
23
-555.782532 102.598923 67.986191 28.950302 -0.521169 -15.950573 -20.851131 -20.417669 -17.458092 -13.044317 -8.692667 -6.402021 -6.759960 -8.018316 -7.587115
-473.274292 133.454956 31.289555 56.106544 26.531605 -57.505367 -51.656502 -12.210804 -8.500982 -6.651011 -16.403355 -28.770176 -9.515702 -0.944016 -16.229103
-369.564880 164.284775 -25.251020 54.117409 27.157022 -55.692257 -28.859936 -10.663479 -21.614798 -9.029041 -9.119356 -30.708416 -9.815592 10.169195 -18.153572
-265.393524 163.160522 -54.573456 31.510403 1.460083 -35.114319 -15.508875 -11.804346 -20.575668 -7.966721 -15.104973 -0.294447 -25.806828 9.425432 -17.316483
-213.042328 164.343124 -71.216751 -0.252231 -11.795515 -30.325745 -23.109619 1.296244 -15.653511 -5.213372 -15.632795 12.662164 -42.583099 -1.580382 -12.753538
-200.729782 180.090134 -82.434349 -15.835417 -8.266783 -33.322983 -30.447788 6.364645 -10.392401 -1.994874 -17.114960 16.055923 -47.827538 -11.604162 3.453735
-220.874313 193.623657 -84.466805 -12.416087 -6.313470 -32.517979 -37.688217 -1.676742 -4.857924 -10.836826 -15.874382 8.011062 -37.391991 -14.914312 13.751690
-287.653473 186.990204 -71.365143 -10.999542 0.315608 -24.920740 -39.261902 -14.446056 -4.431720 -21.911068 -13.846889 1.483193 -20.439146 -16.971807 11.814037
-359.891235 131.067993 -69.731728 -0.986833 3.488679 1.374862 -47.764797 -28.905546 7.189234 -25.466581 0.353557 -11.926743 -16.791214 4.025639 -10.703314
-276.535706 149.239716 -72.786102 -6.963319 -20.754841 -8.788859 -55.006088 -17.987755 31.595434 -28.460262 9.722194 -5.618701 -30.938477 0.228167 -9.703671
-218.494766 175.450424 -68.587868 -27.415478 -13.466465 -7.190886 -61.141266 -7.840743 32.226795 -36.013573 8.362619 18.263870 -51.021255 0.325498 -8.336192
-229.058090 183.990555 -66.174866 -32.875443 -5.770850 -5.611792 -57.777836 -1.762068 22.473785 -32.112106 0.580728 32.872364 -59.384254 -1.930269 -1.275841
-237.734528 188.892181 -72.427826 -19.751673 2.223225 -19.533825 -32.768745 -8.826748 5.046516 -11.163849 -9.632160 32.842972 -46.917267 -10.226408 1.855822
-228.336426 192.079865 -87.682816 0.402477 2.293906 -40.759663 0.569714 -21.147549 -11.929043 13.920460 -32.409058 29.995527 -27.208511 -15.342813 -1.450144
-227.629745 177.927658 -82.379425 11.543570 -5.550804 -44.091278 9.510011 -24.473633 -16.745789 22.973896 -43.848095 27.404041 -18.181217 -14.887811 -8.197779
-230.412857 158.123016 -65.949615 16.208458 -6.947845 -47.231567 1.317326 -11.254261 -20.800825 23.176731 -52.928097 26.590412 -5.295286 -20.464466 -9.691326
-231.047241 148.591965 -51.109917 18.893444 -11.838612 -53.147835 -3.001938 -1.632419 -20.951328 24.101475 -65.457657 17.073116 2.081667 -20.149752 -5.288947
-226.691986 154.798981 -35.491539 22.182325 -21.225159 -60.764664 -2.374951 2.052638 -19.562336 24.175516 -67.147369 11.659187 -1.194311 -12.646181 0.589569
-238.989685 167.773087 -27.570419 21.838848 -28.664909 -66.981445 -10.471302 -5.667095 -10.184922 17.294727 -54.218243 12.199306 -10.560095 -2.044430 7.802408
-285.801849 174.996887 -24.167501 19.807060 -33.591564 -69.865341 -18.978800 -9.675274 0.689844 8.723268 -40.891247 10.323887 -14.974347 -2.619209 6.410906
-388.219055 158.410477 -12.105059 10.032688 -41.044537 -61.550674 -17.866032 -12.537359 1.236919 -2.916684 -21.841467 4.202274 -10.380573 -16.708414 -3.255840
-523.290649 109.585007 22.239880 -21.612902 -36.579422 -37.607224 -25.202143 -14.057438 -9.680813 -8.448211 -5.976458 -5.066755 -9.986515 -7.436749 1.329290
-592.425232 53.588375 26.460659 -2.618034 -21.653233 -26.963202 -22.371130 -14.474446 -8.424175 -5.966211 -5.723481 -5.299801 -3.706198 -1.889125 -1.049157
