city031_041
RUMOI
25
-578.689148 49.536686 39.510605 25.269779 9.755541 -4.164284 -14.413837 -20.110344 -21.560089 -19.913179 -16.650928 -13.108387 -10.181012 -8.261231 -7.349743
-449.164185 121.961380 37.225647 72.912781 8.994244 -36.242256 -1.832564 -25.858196 -39.449684 -15.536204 -23.136684 -19.627613 -7.005714 -12.838845 -11.382442
-326.235718 139.849152 -16.419535 85.396767 -13.597931 -37.584568 14.089002 -33.455395 -35.430973 -8.251303 -26.051798 -13.626093 -15.933710 -11.189022 -2.836175
-264.411255 137.128510 -35.318878 68.765610 -18.399197 -40.481567 22.031784 -35.297443 -33.997627 3.683923 -24.633322 5.289814 -24.179337 0.448238 -1.460175
-235.522644 143.591309 -36.375595 54.571739 -21.719208 -51.059029 36.430145 -38.158577 -32.598091 2.138781 -14.243038 23.272552 -32.271889 9.128890 -0.281346
-189.276184 141.489868 -32.387329 35.673908 -36.786037 -33.111702 31.800179 -33.617672 -44.166733 -1.207959 -1.126815 11.550691 -35.064892 3.272693 10.206976
-144.143280 131.620514 -21.993488 1.505309 -30.128719 -14.422958 16.238785 -30.323015 -44.455444 -2.075054 3.006640 -3.817403 -22.785063 -6.347262 12.663640
-171.132462 138.707703 -19.082096 -2.552535 -17.980963 -9.798752 16.471840 -23.845167 -45.891525 -2.858119 2.035316 -11.139236 -15.857674 -15.236986 11.570683
-271.144623 170.183899 -41.270790 37.935223 -4.298596 -32.097115 45.784477 -8.973775 -53.737415 -0.199781 -1.926581 -13.167948 -13.218805 -14.871793 19.425831
-275.388947 188.529388 -43.168655 45.190739 -31.107861 -49.080505 49.188564 -11.370275 -47.154938 -5.807951 -4.522320 -2.314070 -19.204597 -13.330289 13.659981
-273.608246 198.304688 -28.223068 42.234360 -41.929367 -56.458702 44.311390 -13.855234 -53.197014 -12.497696 -0.040602 2.859547 -27.322086 -19.379196 7.040160
-288.603302 196.498322 -9.528477 37.617443 -44.176441 -61.740627 42.184647 -10.318539 -63.939529 -17.696499 4.272533 5.822638 -35.430408 -19.108376 5.759622
-292.508728 203.504532 -4.025118 30.432697 -38.884785 -58.779903 34.516479 -4.072585 -59.254433 -12.352818 3.758230 -4.464793 -30.445658 -14.300175 11.826254
-291.914703 206.200806 -12.423887 10.042591 -39.523994 -49.780312 32.382523 7.670917 -58.584114 -14.650114 8.947815 -2.944162 -18.837692 -13.970821 17.436581
-291.397949 205.906006 -30.045677 -10.080334 -42.333313 -42.446854 39.205379 4.729353 -68.975815 -22.587343 15.304165 7.083496 -21.017090 -12.872744 18.427891
-290.535553 200.096466 -43.094482 -4.115749 -33.758846 -31.997761 38.347958 -13.633308 -61.143234 -18.349199 5.544240 7.630456 -25.147713 -13.588718 19.265694
-282.389587 174.093018 -51.222805 41.477119 -29.607534 -42.996315 23.074879 -29.124628 -43.243088 -17.969536 0.569525 3.266431 -27.993820 -6.700838 11.564730
-274.619324 145.940857 -48.218567 89.344254 -39.510246 -52.057419 26.906910 -29.788126 -28.199909 -28.458202 -12.009643 8.446553 -25.244347 -2.947063 2.545699
-273.010529 124.686836 -29.904276 118.965714 -47.040016 -62.209686 36.380974 -28.807831 -24.448967 -37.420311 -21.285492 11.235815 -20.356441 2.553859 2.524138
-271.927673 121.518341 -15.392250 131.139099 -48.124062 -62.144268 37.614059 -32.518311 -30.985134 -38.572090 -21.699306 8.812444 -28.354637 3.273673 0.868852
-288.100220 129.157135 -7.188850 123.788116 -56.867653 -64.631325 32.882824 -26.180988 -33.009018 -37.342567 -21.085855 6.534957 -31.916670 0.138316 -5.988222
-336.140503 130.447327 9.203620 111.801178 -57.619522 -71.073212 29.501270 -12.267134 -29.977337 -42.652138 -25.443296 -2.757576 -24.041386 0.615057 -6.617305
-424.588135 110.215347 26.617985 83.476349 -33.839050 -60.656364 17.751163 -6.741039 -35.664360 -31.913572 -15.539832 -13.970068 -23.681557 -0.827438 -2.382111
-532.012695 67.701225 30.441494 40.265305 -7.821068 -39.329124 -9.295156 -11.096642 -32.258587 -17.751932 -6.398289 -18.586082 -15.514385 -2.514008 -5.760969
-585.123474 39.465813 30.086147 19.496548 5.751512 -7.764459 -15.248506 -19.114412 -21.950500 -20.324278 -15.555960 -12.978570 -10.767979 -6.357711 -3.896480
