city031_072
SHOOWAJIMA
32
-487.460297 -35.467789 -53.458744 69.192192 -10.583668 -37.301270 -3.207470 11.487571 -23.200443 16.916248 -6.274008 -7.046517 7.476443 -6.118622 -4.733088
-439.853821 -80.225983 -48.956459 89.065277 -18.399292 -62.500336 -22.602211 10.968235 -26.776655 7.196025 -11.707897 -11.348677 10.591021 0.826323 -3.588679
-382.217896 -68.012695 -38.178879 86.276695 -16.224941 -76.029541 -36.730919 0.569149 -27.808968 5.952817 -14.312529 -19.266933 10.372236 1.720016 -16.139217
-306.803162 23.138502 -18.833862 67.179939 -16.345161 -49.236794 -19.353413 1.957427 -33.370319 -8.598066 -13.063030 -11.707588 16.508610 12.732595 -17.646021
-287.455811 134.952026 -4.336595 32.187420 -33.984013 -39.675468 -6.549203 2.220353 -42.209389 -28.941319 -10.597231 -5.694499 11.452851 11.203859 -14.103915
-328.050018 198.442169 -21.177736 24.914865 -34.155830 -64.654076 12.748402 5.718441 -44.741066 -27.704477 -12.771830 -7.651540 14.941936 0.432487 -13.361616
-349.733063 190.170380 -17.711052 25.406696 -45.136681 -79.553070 17.531284 8.792690 -34.990173 -19.773184 -19.311941 -1.712974 12.472639 -6.521552 -10.699841
-359.250427 192.159546 3.105379 22.925459 -52.025059 -81.428551 6.358271 5.575849 -26.738335 -7.044364 -17.986267 -3.215914 9.862131 -10.519288 -12.910870
-367.330963 185.374756 24.016899 28.090515 -51.577591 -83.087677 2.282019 4.099327 -23.177120 3.266109 -18.793447 -4.982235 4.528039 -13.638327 -13.728758
-380.111328 193.280914 38.226227 21.135134 -53.111122 -73.792656 3.630739 -4.838523 -23.408215 1.581113 -24.707550 -9.487682 9.244950 -7.917438 -18.687824
-405.457031 205.033554 57.498581 7.763523 -58.799080 -54.963913 5.856339 -21.588940 -25.850956 8.916824 -20.093582 -13.495876 12.498254 -12.089526 -27.320930
-400.789062 206.099091 44.302238 -0.830719 -66.149048 -51.361427 7.044145 -25.055355 -25.307060 9.107311 -17.363449 -12.026176 8.310583 -18.634918 -14.692757
-364.714905 211.672180 22.179628 -0.978466 -68.013000 -48.155102 9.249437 -30.866552 -21.625973 8.910070 -25.150795 -6.900763 12.724045 -13.931317 -7.135445
-313.459534 214.201279 -9.927965 -4.670175 -67.884109 -41.807968 9.486401 -28.041939 -26.980423 1.871839 -19.447512 0.866936 10.945688 -7.033850 -0.243869
-277.220306 194.774628 -33.064873 -8.357372 -56.954582 -40.635502 -1.160181 -29.851572 -32.871559 12.086330 -22.831970 13.962378 0.355924 2.999571 -0.617946
-273.242035 170.103485 -40.388664 -1.998180 -35.787922 -32.488327 -13.965603 -32.734890 -35.708611 22.434605 -19.776577 16.935461 -9.661428 4.845108 -5.334613
-255.002304 144.203766 -40.172928 15.640670 -22.185949 -16.129713 -35.651886 -29.016018 -24.442570 11.820215 -5.422300 -7.766921 -2.526398 5.571476 -21.195316
-237.558868 103.776657 -13.034613 28.949696 -11.088490 -5.365935 -40.280876 -32.026867 -15.078393 -0.254305 -13.457880 -12.219613 2.527061 2.956480 -19.626610
-264.987488 58.888802 5.574573 38.358925 -13.579626 -2.191484 -38.915878 -25.518387 -4.935412 -9.599365 -22.745724 -8.987627 -4.542249 2.954355 -20.930954
-276.827942 44.954254 6.851838 68.234978 -14.644206 -22.774519 -42.966469 -22.458431 -4.042632 -9.703134 -23.606831 -0.921200 -1.267726 8.218941 -17.732346
-273.741577 66.219559 -16.162437 82.415466 -14.528381 -37.562832 -39.026878 -22.691647 -9.284564 -3.786618 -24.748642 2.745648 4.190733 6.292995 -20.159403
-286.948761 105.928574 -55.540024 83.591675 -2.566769 -39.421352 -25.206383 -24.441090 -9.191588 -10.232570 -26.079195 -1.316013 6.086974 0.494535 -20.829739
-327.575836 144.144073 -77.388016 65.168770 15.840417 -44.023731 -5.960503 -23.210941 -6.492288 -8.143686 -30.135910 -4.801764 -2.197952 -9.341304 -3.953335
-345.839966 164.515961 -56.753685 35.577499 4.622502 -40.865227 -3.866279 -16.396492 -3.561102 -9.606504 -31.073957 0.979342 -6.550013 -13.935231 6.966620
-351.396698 186.646301 -36.084400 3.175632 -20.835957 -39.063377 -5.362203 -4.164955 7.709154 -24.061520 -35.314877 15.334268 -5.314819 -18.443085 9.145145
-360.612152 204.676086 -24.177471 -27.582848 -35.153801 -43.800858 -11.691815 8.034140 12.024108 -33.063778 -37.923862 17.207155 -0.023724 -16.869728 2.319449
-365.669403 215.148575 -18.650917 -43.580143 -36.832253 -46.452652 -18.574158 15.857072 12.327868 -36.089958 -33.826473 18.040321 5.193365 -16.478178 -5.664303
-368.827179 220.290192 -22.770781 -58.977280 -33.451481 -48.657471 -26.578897 24.814928 9.958481 -44.869362 -27.320312 17.467834 2.606166 -11.966411 -10.361018
-393.313110 203.167175 -27.150436 -63.325672 -28.667946 -49.066681 -31.580307 22.714672 2.380101 -44.701283 -22.296164 10.164621 -1.238661 -9.596593 -12.024404
-459.995300 151.182739 -23.230751 -58.685329 -30.999865 -36.502850 -24.004192 7.005409 -8.736739 -35.644024 -16.699417 4.873412 -4.806548 -12.761379 -13.468725
-554.540344 85.283051 -2.597740 -47.328037 -39.834072 -18.029192 -4.073566 -3.233838 -12.580754 -17.179855 -8.513824 1.857291 2.019216 -5.241325 -11.335605
-602.300659 45.406456 1.931882 -31.035049 -33.033298 -12.719470 5.351386 6.379446 -3.420027 -8.625198 -3.309867 4.166377 3.085116 -6.617257 -14.805810
