city031_037
YUSHIMA
39
-463.770752 50.914101 34.854721 28.959255 15.259431 -3.117213 -8.770382 -9.637815 -14.534621 -14.342310 -9.612899 -8.966148 -7.328686 -2.187721 -1.883337
-359.301941 107.667046 26.653656 65.509216 25.615194 -39.464783 -33.960461 -13.228251 -18.339981 -40.747963 -27.295034 -3.968747 -17.298388 -15.149925 -4.442566
-271.032990 121.506561 -2.902258 72.517136 27.002531 -42.186432 -32.382637 -20.822882 -11.620900 -50.111027 -23.088129 -4.426797 -26.531471 -14.937217 -3.728202
-213.921570 109.617920 -23.118874 62.232853 29.151020 -36.589775 -29.216290 -16.987902 -6.428594 -50.766434 -21.390471 -10.079760 -22.569645 -12.682516 -0.190967
-190.859360 101.202698 -27.340683 54.319775 28.640480 -28.018173 -25.453415 -12.498508 -4.852667 -49.444763 -21.064137 -11.271363 -14.676264 -6.501462 4.279062
-160.559143 111.928879 -31.019468 35.450569 25.114567 -25.083963 -26.263439 -12.847807 -3.709619 -41.004421 -18.056114 -15.595041 -11.574839 -2.749925 1.298856
-175.728561 109.034271 -17.901634 27.245512 24.775455 -24.359169 -30.029058 -16.222588 -7.920210 -35.190849 -18.472580 -14.442976 -8.779263 -0.187010 1.356737
-195.393570 95.417145 -12.648350 21.936939 23.562061 -20.572021 -26.375778 -21.390007 -15.064641 -29.617599 -20.994856 -10.368828 -6.382542 0.149889 -0.754333
-159.239914 79.932266 -9.931563 15.318579 24.383091 -16.370941 -27.974323 -19.814295 -19.371693 -28.010029 -20.731033 -14.075617 -7.491022 1.168353 -10.794889
-94.451912 20.525330 21.690155 29.224079 1.138786 -9.491617 -28.402731 -22.902559 -8.416505 -27.889921 -22.960949 -12.434362 -8.402375 2.077770 -19.600986
-70.779114 -25.779396 44.080452 40.615097 -13.736988 -3.646627 -16.757702 -16.503828 -5.293044 -19.114979 -16.522289 -2.757941 -7.753522 -1.981814 -17.964252
-95.059166 -61.075790 37.764683 39.448631 -26.064802 4.276184 0.818939 -6.970212 -2.824704 -10.912598 -7.977711 7.184548 -5.994685 -1.559968 -11.253394
-138.990860 -79.753098 27.463392 39.265717 -36.188980 -2.524959 6.533175 -3.942399 0.597257 -3.851864 -6.483052 15.346003 -2.028851 4.158947 -3.032131
-156.676544 -32.204552 65.407875 67.209808 -21.956589 0.449534 4.774434 -14.581224 -20.696127 -18.951851 -30.773615 -0.729953 -13.226168 -6.333567 -11.501061
-172.844254 34.281933 49.616943 66.611877 -18.496555 -12.308615 0.717759 -10.730662 -29.102039 -28.528757 -42.250759 -1.015038 -10.792212 -15.792652 -11.740491
-207.344345 100.651367 -6.717886 60.484955 -8.133657 -31.710081 4.435820 -7.717975 -31.565166 -26.162436 -34.397396 -7.388999 -1.164049 -15.947996 -17.071157
-204.528732 113.666870 -38.472961 41.409660 14.870930 -28.908405 -11.843563 -13.421684 -25.804260 -14.714428 -23.875874 -9.483067 -1.892133 -11.284967 -14.649930
-220.420807 130.484207 -34.922596 27.424911 28.347387 -12.405573 -27.131426 -15.822819 -31.366177 -9.880037 -19.325760 -7.956323 -5.972176 -23.382730 -8.283932
-190.281158 165.664825 -15.591762 -11.062088 -4.872737 -12.434330 -11.644328 0.664584 -19.142208 -18.155554 -17.176754 2.642254 -3.148172 -18.344376 -0.610519
-129.363083 177.707748 -29.750525 -17.009443 -23.339287 -22.731503 8.033091 1.330762 -16.184772 -11.253513 -17.997667 0.009167 -0.906833 -18.992992 2.209480
-129.001343 178.259613 -46.830162 -23.840977 -33.054756 -24.117767 16.708221 3.074941 -16.679340 -0.161470 -22.292934 -4.165456 6.708337 -27.759989 9.560155
-156.617661 156.895813 -50.611771 -30.811329 -40.018745 -20.971823 12.759390 5.413924 -19.475880 7.419608 -24.418705 -0.957832 5.808178 -35.341919 8.469561
-159.355911 160.934509 -38.068283 -34.484505 -44.479877 -18.995239 -0.958634 3.567126 -30.769571 -0.921170 -24.604622 -0.851027 5.334658 -36.121063 1.227417
-177.810913 179.780014 -31.355885 -37.673187 -40.568390 -17.806728 -5.284009 2.969676 -34.158607 -6.078206 -18.026163 0.074920 2.282106 -35.425644 -2.955447
-278.676971 176.112518 -10.185043 -40.990639 -31.585598 -16.157444 3.944653 -2.791982 -19.828884 -11.999167 -5.456098 5.364423 -2.693846 -27.307331 -9.305763
-369.049500 104.735161 11.961399 -16.202534 -11.051960 -6.799240 0.671338 3.536694 -3.268530 -13.980788 -6.256458 13.026838 -12.362007 -13.972746 -6.075126
-397.395569 91.611259 18.613535 2.739456 0.484843 -4.167732 0.705659 5.400937 -0.530468 -10.014988 -2.771809 5.486877 -15.238734 -13.326563 -3.905398
-430.130402 67.030136 8.005087 -4.803991 -1.401234 -4.345368 -2.450228 9.562607 7.423650 1.750050 7.268036 6.331148 -3.643177 -10.728661 -7.708624
-438.775970 49.770691 -3.403164 -4.804739 2.904073 -1.402791 -7.523018 5.701756 7.872370 4.908373 10.215553 7.943496 -1.370001 -11.104043 -6.052975
-460.983887 44.369865 14.917090 10.245602 5.878574 -3.463061 -2.643166 3.122147 0.773867 -4.432307 -0.602332 4.044117 0.505531 -5.605578 -9.710639
-456.750763 50.821327 23.684134 18.000427 9.894014 0.271465 -3.483264 -3.506240 -4.476811 -10.495128 -8.118095 1.705282 2.928585 -0.296607 -1.313469
-443.395508 58.509418 22.122997 21.183790 14.481044 4.156414 -3.946349 -10.521618 -8.660484 -11.506762 -10.430286 0.033402 1.192536 0.486652 1.571830
-443.590912 53.715897 14.208878 20.599977 19.201342 5.411064 -3.881359 -8.591246 -6.003818 -6.842135 -7.839608 -2.101432 0.476584 -0.072224 -2.358206
-454.826416 37.979095 5.058002 21.052799 22.537432 8.239279 2.204614 2.220699 3.714723 1.270334 0.650863 1.193429 2.480207 5.923602 -2.848095
-456.963470 33.170265 3.776052 23.362873 22.789389 3.524817 4.731166 9.337870 2.216305 -2.808762 0.559843 2.940951 -0.504807 3.174980 -2.808800
-243.027100 4.011614 -41.086136 -13.092450 20.598612 2.590183 22.288891 19.564732 7.112453 24.317074 -11.486986 0.087584 -0.330308 -12.052802 4.923154
-185.487518 7.912843 -38.823589 -10.304212 26.238834 8.125154 30.501598 28.228256 15.222331 33.508751 -6.091311 4.744000 1.804249 -12.944656 4.534947
-254.700729 21.803066 -28.254452 -1.532339 31.399937 11.073138 32.414825 28.657290 15.784687 34.680923 -5.153190 6.942341 3.408283 -10.189920 7.821419
-458.787659 27.920609 13.261383 44.289417 19.028959 9.216498 25.588043 8.169958 8.624197 16.579208 0.079996 4.834938 11.176601 -1.605639 3.372551
