city031_024
NERIMA
24
-531.834656 22.374529 71.106506 23.307148 -5.223160 6.596430 -46.734993 -17.708843 -41.334732 -24.767826 -21.051437 -14.520350 -7.917105 -4.602665 -4.564901
-491.035858 91.356201 94.944580 39.743114 -0.946084 -9.159481 -57.164062 -14.026573 -32.800110 -12.262577 -13.211566 -17.957611 -4.813000 -11.584139 -12.001118
-417.233551 137.026978 46.609417 69.202148 4.793345 -46.786716 -34.889618 -7.834351 -18.039907 -10.808426 -19.755642 -27.206755 -0.925785 -0.283775 -10.196832
-335.729462 129.404678 6.499031 59.062946 -4.830985 -40.062164 -19.346889 -12.008974 -7.383976 -26.106434 -9.183517 -9.610443 -16.910669 -1.683339 -9.040798
-234.865265 114.232620 -19.882599 30.627338 -11.518023 -25.602360 -19.080746 -9.108855 -16.848480 -19.210630 -11.083118 -1.702999 -7.941049 -14.458091 -0.096379
-205.496262 114.377182 -41.929668 43.083736 -1.755352 -39.957581 -23.034538 -4.382988 -14.424135 -15.934412 -17.149023 2.448465 2.495567 -19.404041 0.818565
-230.679474 124.024872 -60.727024 70.077576 4.055003 -61.952232 -27.271360 -13.621334 2.402633 -11.559786 -22.957668 -5.254572 8.795183 -14.933779 1.936983
-246.763931 130.556854 -59.832993 82.878258 5.080275 -63.343422 -35.057064 -24.685745 8.701509 -19.890629 -25.418198 -22.341423 3.078312 -3.759647 1.747592
-257.634003 133.217392 -48.387245 93.995575 -0.463845 -54.525223 -41.747559 -20.129856 7.911811 -23.535007 -31.886856 -26.747402 -7.267393 8.868143 -1.858650
-251.323410 133.091980 -28.917122 94.449875 -5.647616 -49.063381 -32.548523 -18.187811 1.568854 -35.161198 -28.033461 -17.236240 -14.044231 2.222715 -15.599598
-250.119171 131.281189 -21.311718 104.060081 -11.620573 -53.566429 -16.745916 -25.871025 0.711315 -42.307537 -17.508198 -13.868783 -17.163540 -8.916114 -9.763180
-278.796844 127.453201 -6.400575 104.862869 -15.799193 -60.168308 -2.567681 -26.477390 2.006668 -42.808044 -23.200333 -4.208037 -19.890308 -6.634704 -4.143243
-291.306122 124.868790 -5.870418 101.396233 -19.062065 -75.631363 2.085198 -26.880367 1.349785 -28.960953 -28.114231 6.094166 -27.669306 -1.704731 9.482851
-267.704773 125.547508 -28.482498 92.740921 3.966341 -81.039345 -18.652573 -25.660448 -0.023714 -13.988150 -33.769829 1.216129 -27.092133 -5.165387 17.527390
-259.275055 136.809692 -49.151588 78.583939 16.660641 -63.185829 -31.418295 -23.260504 -2.099091 -8.445679 -30.550674 -0.048285 -25.752903 -12.869440 17.779774
-271.031067 166.034241 -49.781303 48.652603 4.977117 -37.696251 -26.306772 -13.220972 1.977115 -17.181782 -24.396061 8.953362 -23.605204 -12.256241 17.228256
-241.147324 192.002670 -47.914783 -0.592697 -16.310091 -24.201096 -33.368019 -7.631458 3.812666 -26.669971 -18.614628 23.403233 -29.061092 -15.764311 24.457142
-230.484909 204.915375 -60.715740 -22.935450 -17.762169 -23.616407 -29.267315 -7.661381 8.135855 -24.533951 -22.948112 28.593193 -33.016350 -20.387827 22.483368
-252.673737 206.304504 -73.654289 -36.610954 -12.224752 -31.836082 -15.385416 -3.759128 15.533966 -17.827023 -31.595297 34.221210 -35.445213 -24.179260 12.561101
-264.395325 207.180389 -67.608139 -38.802246 -15.164865 -35.420124 -20.708376 -2.991714 15.032646 -20.900784 -30.070641 35.369053 -26.915218 -24.566467 3.591998
-292.282471 207.593262 -57.780922 -42.606087 -15.844631 -30.188099 -21.995102 -3.951714 12.156382 -24.152081 -22.246151 26.682386 -19.480419 -26.633348 -2.860653
-365.717041 170.906342 -44.677288 -47.050888 -17.641628 -23.505262 -18.073259 -0.882340 6.304026 -23.514984 -18.314211 15.952164 -11.534670 -28.213865 -12.492773
-475.150543 111.823074 -17.978725 -54.203491 -29.086596 -18.992634 -13.313616 0.701353 -4.519272 -20.179790 -12.260851 3.069449 -5.115944 -20.036949 -18.528591
-531.412292 77.132751 1.551208 -50.502998 -48.483002 -16.171246 4.803619 0.489792 -10.688481 -9.024485 2.647658 7.382083 -2.101149 -14.867908 -15.726129
