city031_088
GYANGU
22
-558.291443 117.341927 26.470343 -0.032721 -11.842056 3.639307 2.300211 -18.738300 -21.476040 1.401392 -16.691629 -24.245312 -5.650380 -13.727247 -12.066984
-440.192383 130.789337 32.472404 5.833578 -13.994986 9.411312 2.062443 -20.570631 -27.948524 5.920549 -22.578094 -26.732737 -5.019770 -12.622189 -13.269519
-381.112518 111.204979 22.396225 26.280252 1.718665 -7.527435 -3.016524 -4.753958 -26.548983 -15.326599 -10.879822 -16.538921 -18.885887 -2.608734 -8.327868
-303.842773 60.531242 5.238695 50.426117 11.658337 -34.298935 -29.930710 0.216066 -6.730781 -37.972206 -11.946701 -7.654513 -24.311827 13.336053 -5.426758
-241.018433 77.425896 -23.867508 41.594505 11.000216 -44.361038 -57.088203 -10.376161 7.068694 -37.566299 -12.412241 -2.103182 -27.846857 16.828924 0.921687
-226.672668 115.622833 -54.564980 15.687840 12.790323 -33.480301 -67.339409 -18.574955 23.316671 -35.032654 -5.457972 6.128256 -45.386162 21.239262 3.839796
-243.268600 142.844559 -67.952591 2.484484 14.975159 -28.221119 -51.561687 -28.005550 41.061897 -25.843683 -2.597283 2.926802 -50.426178 15.498172 12.715754
-267.872955 141.892960 -71.082565 15.142096 13.680990 -28.675983 -31.294048 -23.396225 29.758837 -5.714201 -11.843322 -14.143698 -43.294785 7.862966 18.088430
-290.397552 129.706299 -62.358410 37.157310 9.072432 -25.861376 -17.134144 -26.223848 20.489521 -2.326128 -21.755829 -16.917751 -38.686642 8.777576 3.810944
-321.069489 131.895538 -41.708366 52.626034 7.110991 -26.057718 -13.917813 -37.165001 4.004070 -4.772681 -23.222878 -26.616558 -36.377892 10.539564 -8.167388
-358.847351 149.325470 -22.974373 59.658112 5.104656 -21.552147 -18.391449 -36.029053 -12.531596 -10.385521 -18.609468 -27.733185 -24.585917 10.083375 -17.996010
-408.886719 171.420334 -5.526695 50.118279 13.767859 -23.999489 -23.599556 -20.264633 -22.158520 -22.337673 -11.480017 -28.306129 -14.069504 11.537996 -14.108845
-457.033020 186.072205 21.122833 38.065125 28.049742 -26.604012 -28.786873 -7.531754 -26.850761 -24.916203 -0.127569 -20.783949 -16.067970 7.712050 -9.253350
-440.790741 185.949188 21.751499 26.365288 29.910618 -26.931263 -40.595322 0.877017 -5.205123 -33.899704 -3.761113 -28.074709 -14.306978 -2.525978 7.015207
-371.121338 179.096817 -9.534569 30.641108 28.954380 -32.709747 -52.662773 1.704958 9.606161 -49.982246 8.798349 -27.818989 -21.971848 11.669625 9.679719
-352.383972 173.657776 -27.630615 32.193535 34.094353 -34.774632 -57.876671 -12.447346 16.896183 -53.671997 12.684212 -9.895660 -38.597237 20.947521 11.052019
-365.258209 168.965408 -24.073624 28.467949 49.721428 -40.617279 -66.741760 -21.020100 29.932539 -56.962608 8.280141 5.935563 -55.270905 27.820292 15.855052
-360.565125 173.345520 -20.770794 26.043392 50.632683 -42.190174 -70.259850 -15.237490 33.423065 -64.781380 -0.068917 -3.237028 -56.172729 33.520172 19.755402
-386.153656 178.686111 -16.816914 24.064075 42.972351 -40.003162 -70.168579 -13.577456 25.129906 -61.062603 -7.983795 -12.250257 -49.977127 29.769249 20.957005
-474.953827 161.780609 -7.034196 25.163410 29.770557 -37.482124 -65.143997 -16.103874 -0.631242 -35.531387 -14.303866 -17.539581 -34.020844 17.318741 18.289009
-574.734375 109.605667 18.332054 22.245808 17.621162 -30.651030 -44.083866 -24.049191 -20.727371 -22.755772 -12.613358 -15.512038 -20.520344 -0.436260 9.419552
-639.847534 73.545456 42.644932 24.880001 3.586538 -19.428303 -24.749966 -21.970428 -24.116825 -21.259970 -12.861920 -12.420925 -14.768764 -7.088108 1.275755
