city031_050
JIYUUGAOKA
31
-535.707947 40.273315 43.637688 53.461079 -12.250877 17.113880 -1.472307 -11.034440 -6.934850 -18.399334 -3.615349 -7.125968 -5.846495 -8.635616 -24.648920
-383.882507 5.262617 58.789055 83.944717 -44.565170 9.713877 1.020942 6.014651 -28.646736 -20.816542 -18.447685 6.153408 -6.183805 -12.873387 -23.272057
-309.616943 -3.074757 49.734795 103.947220 -32.767929 -12.607473 -15.402388 3.628733 -29.494219 -36.690086 -29.061317 9.561590 -2.399804 -15.363902 -23.781399
-276.644073 20.045214 30.505634 111.709961 -24.776846 -30.865034 -22.550495 0.842985 -21.216915 -37.378250 -24.873983 4.961937 -2.098917 -10.451980 -21.806475
-265.050812 61.898731 -7.550759 109.801147 -21.232681 -36.111115 -9.933407 -4.022867 -15.329697 -39.826946 -20.353127 2.630309 1.528517 -3.067772 -17.866657
-276.685547 117.513123 -56.122501 115.936737 -15.011321 -56.284241 6.846963 -12.021851 -15.133797 -44.215118 -20.607315 1.665071 3.580377 0.210280 -21.551992
-259.149750 142.179901 -76.641884 103.273605 -10.353391 -67.828934 0.691210 -16.114571 -13.967870 -41.545486 -29.817848 4.772940 0.489492 1.470158 -19.556559
-238.812210 146.444824 -94.782936 88.124863 -9.251647 -58.454525 -14.297346 -25.565052 -5.008368 -44.188019 -30.412214 3.540958 -5.758584 5.849151 -17.705105
-239.503799 141.922333 -99.786728 73.901726 -4.093574 -53.494492 -20.924900 -36.669716 -3.002498 -47.249851 -26.539780 2.608946 -8.214327 12.166248 -5.462839
-260.242188 138.727539 -85.836807 69.940491 9.195200 -47.211750 -20.091728 -48.529373 -12.163273 -42.902740 -17.592365 2.467999 -9.383123 12.296509 5.076569
-280.748444 145.810150 -71.988899 58.570320 21.440361 -40.841408 -15.399194 -54.117985 -24.150843 -34.744953 -12.475477 -1.399132 -19.441317 11.474277 13.860355
-282.689240 150.084488 -63.272728 45.223602 20.208244 -27.020386 -9.829657 -54.355942 -31.889004 -45.219700 -9.985703 -0.746794 -30.814613 20.017170 15.714047
-298.575653 153.648438 -42.273895 32.967331 12.359162 -18.998253 -6.057388 -45.730301 -32.966438 -55.907288 -7.157150 2.583600 -37.583183 23.692348 9.868356
-317.997650 161.701813 -32.279572 21.954411 -2.366110 -23.457439 -6.064850 -34.255692 -35.478432 -56.792561 -3.732524 8.180582 -29.684313 13.985003 -4.587561
-276.530426 163.427261 -51.174896 18.106541 -20.205442 -24.229321 -5.506348 -24.926205 -39.931828 -39.489998 -3.242488 18.999859 -24.223011 9.957887 -2.528051
-244.002640 164.388885 -65.559875 14.377913 -41.020275 -31.591091 0.095108 -21.244724 -33.712414 -22.867428 -0.511925 21.402180 -18.207603 9.766109 -9.127308
-238.166824 167.632599 -65.624771 5.416221 -59.802044 -40.912815 6.590214 -19.799217 -34.805832 -26.809341 -9.852814 19.090755 -10.582369 3.665252 -20.614893
-248.464554 167.791748 -53.494316 -4.065546 -73.671181 -51.779831 12.926645 -6.358280 -31.784416 -35.675171 -23.575102 21.333994 -0.531084 3.508417 -26.222776
-267.987152 175.104645 -35.261444 -0.499437 -79.402573 -58.669647 17.895514 5.084618 -24.190424 -38.684799 -28.210148 18.171104 3.784353 8.326048 -25.060780
-302.984253 184.676025 -9.709959 17.921833 -80.993561 -61.961052 22.996956 7.918655 -15.070765 -42.646149 -24.196747 7.873970 1.499319 14.684889 -20.567463
-348.443726 180.041870 25.156479 36.801483 -74.324585 -62.166882 13.927950 6.302993 -8.575154 -42.452900 -23.892048 -3.891131 -7.709879 17.664238 -16.182213
-409.722870 168.296814 59.990303 32.834690 -61.338223 -44.431419 7.014959 4.197894 -14.111706 -46.606239 -16.057903 -9.189787 -19.414745 20.130623 -9.720745
-437.233276 163.655197 39.679958 -20.019579 -44.547405 -5.932878 12.576591 4.469581 -28.002842 -51.871582 -11.796722 -4.754981 -8.392508 5.108330 -18.564175
-373.540710 160.351807 -14.276108 -46.869766 -53.948967 -6.703677 0.186402 16.905794 -28.381397 -64.220245 7.447167 -12.800774 4.024090 13.973253 -27.508747
-330.553619 181.697632 -9.563053 -29.935143 -54.995121 -14.916913 -4.976069 15.769131 -31.491972 -72.331413 17.221592 -5.827642 -0.826804 17.740969 -24.032139
-340.360260 195.366440 -3.607650 -26.468414 -59.616596 -35.475365 -2.402824 18.790302 -35.855011 -69.406128 18.597019 15.765074 -9.197655 11.773636 -15.530583
-367.625092 204.407074 5.999281 -37.329132 -57.690990 -52.606850 3.422458 19.654486 -43.626545 -62.307304 11.654308 24.525810 -10.858594 -1.640527 -8.364038
-411.130585 190.127762 19.103748 -45.382938 -58.011677 -52.097496 0.419437 16.453993 -40.674423 -52.461609 2.335032 16.615463 -6.861332 -5.925608 -8.733152
-478.523285 142.666733 30.398918 -41.695404 -67.311401 -49.975945 -2.641298 9.743447 -25.432053 -37.068672 -10.498981 4.742928 5.731072 5.235666 -14.488056
-525.760620 99.952698 23.183891 -37.182861 -57.287056 -39.228676 -7.336767 1.639020 -14.140919 -21.602413 -10.292204 2.935330 9.206415 3.850231 -14.996843
-579.336426 45.417114 9.813591 -20.287588 -27.962410 -16.911842 -4.113019 -1.948616 -7.980433 -10.978821 -4.778345 5.202344 8.605579 1.561911 -9.490129
