city031_081
HYOOGO
26
-498.007080 -9.761795 -10.049159 80.917938 -57.010265 -39.590408 -19.176798 4.917572 -30.560976 -21.266291 -1.203735 -8.235022 -2.476104 -7.668638 2.063611
-413.071442 -12.721480 -37.268890 73.997238 -70.042511 -40.034721 -26.948338 3.614742 -39.267059 -24.654083 2.767943 -7.774724 -5.832006 -9.674005 1.287916
-345.478180 9.917643 -44.340660 63.040993 -58.074860 -42.572731 -36.158691 -1.487303 -43.102707 -33.759453 -4.472526 -6.490510 -6.077498 -13.466492 -2.320291
-345.586700 40.394356 -35.143814 62.794155 -34.718346 -33.027477 -30.795143 2.139100 -34.831165 -32.419243 -1.968999 -0.708975 -1.410377 -12.124349 -7.612342
-333.992981 149.485413 -14.470700 31.967636 -23.407299 -9.627496 -11.439818 -10.170891 -45.726463 -43.086021 14.526487 13.919074 -0.638687 -11.673697 -9.954641
-330.503296 197.165710 -12.173628 11.321825 -25.531006 -29.132704 21.549011 -23.767155 -45.303085 -52.185234 23.276098 23.186274 -31.274170 4.400086 6.408831
-325.297943 190.340759 -7.869494 17.765923 -42.184639 -38.175606 35.153481 -32.085869 -48.078312 -45.636078 8.722282 25.681438 -40.923843 6.746282 9.443058
-327.391632 175.377640 6.862597 24.956326 -51.862324 -38.005905 32.376175 -34.704414 -50.005779 -26.791458 -13.205610 24.661482 -45.797070 9.820953 17.013292
-326.258850 171.097397 6.022460 28.918238 -59.903942 -38.387070 31.354401 -32.478386 -48.374428 -19.489639 -18.210850 27.446741 -45.301384 10.327881 18.530857
-309.322021 180.611267 -8.538431 22.728653 -79.835190 -33.997963 35.231766 -39.043106 -48.463959 -18.978300 -10.237062 25.630802 -44.959709 16.181416 15.366154
-299.539764 189.954315 -7.779183 28.392885 -94.580063 -39.821655 39.851440 -42.219059 -51.966312 -19.056641 -4.316445 21.155094 -40.476700 22.018934 14.623100
-302.032074 196.775360 -2.903161 35.929245 -92.666473 -45.655243 35.128689 -41.493980 -53.693409 -25.618111 -6.253740 14.508478 -38.719631 21.188227 15.436960
-321.540405 196.829254 0.749860 34.349335 -92.549057 -48.464027 33.027325 -35.758324 -47.744236 -32.572784 -4.097752 9.147506 -39.347713 12.990753 10.293356
-353.018799 198.129059 13.651901 29.702812 -92.784508 -52.636356 25.418089 -33.923004 -41.889919 -32.901226 2.740297 2.835295 -31.881865 10.165773 2.912626
-399.954041 192.625275 45.171913 26.555168 -83.972168 -43.286499 15.374920 -27.815107 -33.056870 -29.723650 3.959883 0.182728 -20.754261 12.045584 -9.109745
-437.036682 197.862579 76.732880 21.969734 -63.675194 -26.255426 -6.853401 -31.252512 -15.783392 -23.547997 -0.087876 -4.493320 -17.285049 14.521383 -14.170753
-469.725281 187.311066 92.324806 31.098791 -36.759418 -15.895169 -16.598011 -20.613762 -10.842840 -20.920879 0.049063 -6.408374 -7.965798 3.889821 -19.132816
-448.292389 178.553009 78.970268 34.996166 -52.870232 -16.953262 -12.533607 -16.210670 -7.037146 -27.358437 8.574397 -6.892538 -17.812860 8.400886 -21.984257
-382.783783 179.258057 40.247520 42.489594 -74.603516 -17.647104 -1.136806 -34.737690 -9.936535 -34.610756 8.810436 0.726913 -30.313454 17.064405 -13.360475
-347.248352 174.295120 17.116734 48.544678 -82.013565 -19.921089 3.063921 -35.717804 -19.456184 -36.911743 12.301895 1.440832 -23.819092 15.584208 -2.984860
-330.399139 180.195206 9.716251 43.549568 -85.145508 -29.058052 10.895452 -26.501240 -30.955580 -27.297842 9.673885 -2.387613 -20.271370 6.369793 4.583252
-332.589233 184.296173 10.805191 40.387314 -87.724548 -35.165451 14.023235 -32.547478 -32.734943 -23.996616 -0.977480 -0.791321 -18.114475 10.885056 6.893684
-372.196167 178.847076 21.531240 33.539043 -94.660141 -44.824745 14.297127 -39.644371 -30.591644 -27.605391 -9.956032 -0.207435 -17.826176 14.703897 -0.170478
-461.231750 154.316193 44.423599 13.177164 -89.838959 -43.244232 8.374113 -39.122910 -24.093933 -19.503971 -18.278278 -4.346540 -10.968475 6.461511 -7.148428
-553.046814 112.600868 50.904480 5.541943 -49.380035 -37.658554 -14.871990 -24.040745 -12.472692 -11.972616 -17.817642 -6.716840 -5.786099 -5.415941 -4.260050
-599.686890 82.270935 47.735607 9.678043 -24.811428 -38.479961 -33.692886 -25.866903 -14.268019 -5.154313 -5.752704 -5.141893 -3.568815 -6.417191 -5.151401
