city031_028
FUCHUU
24
-395.639435 106.496445 -22.901926 46.116760 8.435996 -36.683784 -44.263870 -24.666492 -6.275796 -11.106564 -17.132812 -10.631866 -20.063042 9.350306 -0.196834
-266.123260 161.385803 -63.045345 68.913559 6.654433 -38.995064 -32.104744 -41.019276 0.486911 -8.859491 -15.159483 -2.285227 -24.109175 13.985327 1.897350
-233.518295 172.253693 -79.377769 77.580963 2.052304 -38.994545 -23.039846 -48.969383 7.183810 -9.473275 -14.336764 0.598522 -24.667057 13.638651 -2.561991
-255.835953 162.303528 -67.572128 80.949783 7.018299 -36.698273 -30.893570 -51.396317 4.732303 -6.715981 -16.762297 -4.213299 -23.460554 7.894307 0.199846
-302.995300 152.545837 -36.468155 83.391830 18.280424 -30.706940 -43.562744 -48.481308 3.830729 -5.356638 -19.787601 -15.992416 -19.304493 9.321683 5.103278
-354.180786 98.801453 6.508225 77.945770 2.211497 14.234552 -49.850544 -30.855537 -5.379942 -9.616241 -21.596806 -27.128902 4.598490 3.999655 0.471818
-389.207458 22.443304 24.552792 76.021492 -13.642928 9.356208 -30.153587 -15.750083 -5.410222 -6.169476 -19.224949 -11.639326 -11.396069 -0.909111 -9.449638
-300.203522 -70.174507 1.916272 49.826885 -27.691231 -22.237438 -26.345766 -14.411978 -4.047497 -0.220952 -16.647943 -6.180271 -12.796148 -4.435899 -12.659811
-243.492111 -82.672989 0.524296 60.012775 -21.368214 -24.703245 -20.353447 -17.924622 -15.490406 0.672667 -21.191692 -11.152485 -15.039867 -7.867576 -19.659815
-216.201797 -28.838909 25.785805 93.542938 -1.392550 -34.682587 -31.197535 -26.370113 -25.522472 -9.357305 -34.509773 -15.551050 -16.206234 -7.684881 -21.114525
-208.600967 41.826988 -5.697350 84.584564 15.134431 -42.946819 -51.414200 -22.508892 -12.190698 -8.670262 -29.968655 -21.227459 -19.664566 -5.172707 -11.258759
-217.566818 105.139923 -48.692703 68.627998 14.645881 -48.486488 -44.326763 -26.696083 -5.158585 -17.569874 -24.053305 -12.404564 -13.708252 -2.177833 -10.535987
-236.111389 140.764526 -76.660271 74.110458 7.741237 -47.669163 -35.041916 -40.299667 3.345669 -19.918755 -23.096191 -2.540854 -17.153431 6.391188 -4.334404
-251.566391 152.269653 -81.586441 80.793869 4.495339 -38.755722 -36.872643 -49.875534 9.726864 -21.986143 -16.473341 0.219913 -27.674923 14.001447 0.486274
-258.848724 142.739838 -73.853745 81.503067 7.216580 -35.753864 -32.462837 -51.664146 11.948409 -23.668688 -14.966776 -3.581606 -24.408911 17.944878 -2.561887
-256.620941 138.353851 -66.701416 75.043579 3.366904 -37.444115 -19.001911 -50.671455 12.705039 -23.118912 -14.903110 -9.235568 -20.702789 22.049580 -7.473110
-240.289810 146.282227 -68.379112 65.605698 3.051555 -40.463177 -12.631407 -57.821621 5.511833 -24.406754 -17.936417 -10.412862 -22.144375 26.226856 -5.116682
-227.242188 153.925537 -69.832405 57.345703 3.003867 -43.927559 -14.892744 -60.072422 4.005227 -27.969233 -15.670753 -6.630282 -22.092001 26.582342 -2.219515
-217.645142 146.316025 -68.340485 54.058392 -1.513099 -40.252335 -25.011740 -59.314232 3.158646 -27.310083 -7.147835 -10.146640 -21.093895 21.859434 2.832379
-243.728485 136.567062 -61.810959 53.022350 1.624826 -32.754951 -36.439514 -56.888165 -3.897698 -31.861603 -6.792949 -17.270767 -20.891026 21.179934 4.739666
-319.146912 129.981522 -47.116566 46.132027 3.836561 -32.292831 -47.301140 -51.431019 -15.894190 -32.808403 -6.984302 -17.068687 -21.892742 24.024967 2.441634
-428.936646 98.115280 -34.231819 29.190390 5.345364 -31.283165 -44.510574 -46.183945 -19.156609 -23.521940 -12.968317 -17.321842 -24.229311 19.919077 1.503504
-530.407043 68.974640 5.301412 19.033581 11.840523 -29.149651 -40.565872 -33.781307 -24.827736 -10.620980 -12.599212 -21.408468 -1.573458 17.665401 -2.211791
-591.722961 34.584534 21.477573 12.189758 0.600668 -13.269848 -22.366596 -25.135880 -20.562576 -11.544983 -7.170898 -4.866709 3.314150 8.804921 4.088030
