city031_062
PAIPU
20
-591.878418 72.997101 -15.509823 -37.544022 -18.258991 -8.973253 -6.860332 -13.021458 -26.220114 -24.149290 -1.445742 9.043734 -4.782245 -11.196858 2.217340
-408.160797 119.504471 -27.161041 -33.407166 -16.316339 -37.298843 -11.631691 -0.459699 -41.206581 -0.703842 -9.963985 0.837332 2.782538 -7.661383 -0.178877
-335.723663 145.684509 -21.292583 -31.628260 -27.407375 -33.749794 -0.945702 3.189280 -42.889881 -3.879348 -8.737770 7.076609 -2.583407 -8.822286 -7.900477
-296.014130 183.253601 -40.554256 -36.598427 -42.575893 -30.105406 16.156593 -2.455187 -48.608231 -10.164143 4.511021 22.542019 -25.977203 1.021785 -18.047573
-267.405121 193.956940 -58.382713 -33.928753 -36.699013 -25.858473 2.715196 -8.837157 -46.896328 -8.233707 12.019779 22.757149 -38.999626 13.109579 -28.958300
-274.572968 177.309082 -59.597366 -15.782780 -17.854223 -25.730434 -12.783960 -14.894741 -32.613441 -11.671791 12.635248 16.463932 -33.022003 13.684587 -32.792725
-307.166046 155.812103 -40.822624 30.573534 -1.987673 -40.927055 -19.026062 -26.124863 -24.709209 -20.498421 10.458506 9.532365 -27.244713 12.449700 -30.810410
-343.433868 143.848328 -23.045311 70.580399 2.295546 -53.297043 -15.672538 -20.011204 -31.052902 -28.065304 5.126880 8.405766 -28.537033 11.230415 -20.309036
-374.172974 147.532516 -16.008423 86.011230 13.862031 -56.603580 -10.254295 -9.924087 -34.713654 -35.248463 -4.493809 10.851061 -22.976082 4.476662 -16.626419
-450.500153 140.119705 8.266176 86.745934 26.426815 -48.984268 -13.544203 -4.149621 -35.544235 -40.104313 -6.451077 2.954245 -13.100801 -0.374054 -13.035789
-535.071960 113.680710 23.041977 34.207314 18.806852 -12.507574 0.552304 -4.571674 -40.676502 -32.043297 -9.722204 -3.027526 -8.674244 -17.166296 -14.895033
-368.107239 90.018745 -28.640007 -10.292059 -20.528301 -17.924362 -17.931416 -2.096915 -44.181931 -21.986162 -13.373590 0.459120 -3.708683 -5.452848 -24.510689
-304.953949 107.027847 -15.863237 8.622575 -13.113253 -11.841877 -18.549963 -7.635063 -49.504799 -23.181198 -12.160830 -4.989489 -13.537452 2.523339 -20.504387
-307.357361 136.835876 -19.522362 35.174599 -6.751795 -11.521857 -23.515121 -22.452213 -48.603874 -24.619854 -4.932889 -5.608139 -31.708843 11.505484 -5.176886
-329.313385 186.432114 -49.187267 43.185268 -1.415656 -17.087624 -12.136101 -44.536919 -26.723576 -37.910496 -3.452574 -1.653585 -43.116776 13.563309 8.942523
-355.174255 189.174286 -39.649658 29.012125 9.327140 -1.120129 -19.344963 -42.735130 -22.949619 -45.810776 -3.300477 -0.914742 -52.992279 13.246641 16.789589
-404.062531 181.605591 -17.378321 17.996546 15.347839 -2.976054 -34.283966 -39.920586 -26.776482 -46.135780 3.443717 -5.284507 -50.273819 20.196293 12.470373
-477.886536 157.008026 10.976028 16.593868 16.075583 -8.792536 -34.630295 -43.223183 -34.028984 -30.052731 -4.043840 -11.756809 -29.052855 15.576354 8.395103
-583.966309 102.086044 34.330902 7.493819 9.261347 -2.990318 -28.906128 -40.846279 -27.333134 -7.781909 -7.135584 -14.783421 -4.862732 7.714046 -4.404164
-654.719482 35.763283 22.882837 11.921687 2.957461 -8.070837 -18.328217 -20.585835 -15.160866 -10.249083 -9.544641 -7.989264 -2.347225 2.131665 0.436284
