city031_070
SHAKUJII
26
-428.725769 -19.967510 -2.834363 73.474915 -28.469704 -61.878479 -10.763384 5.092784 -25.946590 -15.894684 -20.312140 -5.009757 -8.120880 3.565291 -12.329306
-290.381226 73.233551 -8.174840 35.352760 -28.797493 -45.237705 -16.798706 -5.651451 -28.755779 -12.393332 -11.216686 2.106423 -7.210166 2.598414 -10.157827
-256.651978 123.608398 -17.017532 8.070274 -20.357769 -34.822571 -27.764263 -0.590587 -21.313181 -19.437788 -9.175469 8.913877 -7.282133 -0.256660 -4.111065
-255.967453 146.780334 -25.729958 -2.915020 -12.688831 -23.090702 -38.578476 3.523740 -20.223347 -26.518871 -8.079508 18.138752 -12.388853 -1.174297 2.680810
-295.148163 163.354523 -17.859465 -11.614197 3.629306 -13.374990 -50.974983 3.312141 -19.457590 -35.059376 -2.969266 20.487465 -15.811563 -0.842206 12.110535
-372.253143 149.696442 -6.095124 -6.393340 10.769859 -13.739914 -42.643768 -0.575586 -24.237450 -26.169102 -0.762724 7.881324 -13.010131 0.164154 7.044453
-412.618988 138.231003 8.095254 -12.052084 -14.710010 -15.424725 -36.014488 18.317297 -19.536617 -37.067722 -4.502251 -12.678182 -8.037836 -3.019581 1.937014
-366.197205 169.308945 4.267244 15.523358 -0.151199 -31.256603 -44.691589 24.553167 -28.896500 -60.920860 5.508390 -18.806946 -8.720547 2.860685 0.972084
-359.592712 176.133347 -3.427727 34.603210 24.249096 -45.450207 -50.353043 13.226082 -34.461861 -50.045048 10.096842 -15.065653 -9.706527 10.265442 0.885396
-362.357880 184.974304 -1.790960 38.543850 28.509790 -63.770470 -49.677135 6.379502 -29.543789 -32.953331 8.173709 -3.589497 -7.169515 11.541347 -3.454956
-377.637787 176.227600 9.482604 50.086586 27.902420 -69.235550 -46.143150 5.335267 -31.019072 -27.065411 4.065907 3.130109 4.481058 3.579765 -14.997642
-377.554108 149.053497 24.467293 73.636383 27.455139 -53.475327 -54.015579 10.257041 -23.554785 -28.926193 4.981730 -8.366039 14.006953 -0.210743 -29.927383
-373.743866 104.884964 47.061531 91.398285 8.067305 -33.809036 -49.104099 5.510494 -6.894497 -28.379499 1.655476 -9.426550 14.645834 -8.345037 -28.545841
-358.097717 35.437538 72.247620 102.883820 -10.247532 -20.305420 -36.306000 -2.841707 -1.134821 -17.677691 -17.768150 5.639461 4.606066 -5.703973 -17.094463
-319.765503 22.275858 67.544792 113.888908 -20.082485 -35.370148 -35.454552 1.348594 0.749948 -20.941433 -21.348049 7.806094 -6.541607 -7.730136 -8.969086
-321.352997 31.077034 49.768822 123.647903 -19.465603 -42.696747 -26.306870 7.882320 -4.573060 -21.127220 -15.436035 6.344805 -12.629225 -5.933272 -4.636193
-343.898987 64.076149 27.855396 138.755096 -13.263404 -64.324471 -25.335503 4.981794 -18.382841 -17.015005 -0.704348 5.565897 -16.400736 -3.624107 -0.445902
-371.472534 112.445587 15.109686 149.935074 -2.341510 -96.919250 -23.210171 -4.544084 -28.616177 -19.296242 14.782173 2.555709 -20.475529 -13.156679 1.659278
-384.077301 135.324066 15.256893 130.388489 6.931794 -115.113632 -18.983223 4.477137 -40.189911 -13.761642 5.848962 -7.323759 -12.307129 -8.760412 4.593680
-389.617310 142.659393 13.002831 111.323883 7.695990 -109.446793 -7.806062 14.233835 -52.628689 -18.845169 4.925830 -17.806091 -7.209136 -1.561359 1.461520
-396.368744 141.176666 12.942360 99.596100 3.228800 -103.852089 -6.629244 11.638325 -64.508614 -27.544153 4.470013 -25.061504 -8.455623 1.606287 -2.016800
-411.552551 134.529114 18.911007 101.535843 8.527844 -97.940331 -10.386153 6.370060 -65.088654 -31.316158 -1.430703 -26.703897 -11.601307 -3.976905 -2.830535
-451.021057 115.104340 32.370689 107.948174 18.102394 -85.424881 -12.081508 -0.472233 -60.298706 -33.459557 -6.801172 -22.071938 -15.851023 -4.506199 2.359944
-512.764648 83.388077 38.568012 83.662460 20.837696 -51.810425 -13.056463 -11.931404 -53.349236 -29.429482 -3.474060 -18.730701 -18.293056 -3.840952 -2.710390
-578.840149 48.327156 32.035797 32.917221 9.494192 -17.888479 -15.653312 -18.280376 -32.717529 -25.122854 -12.452717 -17.240879 -15.774082 -4.588942 -5.090971
-610.651428 20.458031 16.973125 11.783472 5.678290 -0.477424 -5.907134 -10.051026 -12.631499 -13.648301 -13.315257 -11.964947 -9.952787 -7.586741 -5.096441
