city031_057
BAKUROCHOO
38
-661.385315 26.575905 16.537466 7.317844 2.835196 1.510880 -1.105864 -7.200942 -14.363647 -18.107708 -16.280952 -10.879348 -5.879225 -3.713155 -3.824655
-442.370544 180.999268 0.950505 -13.463585 -35.255661 -21.758625 19.668295 -16.031506 -48.623001 -37.628613 -2.456786 24.635014 -5.183063 -13.020323 3.264851
-318.417328 219.112717 -53.311111 -3.272355 -40.860981 -43.349880 28.677830 -14.618864 -39.875435 -18.857529 -9.735275 22.963005 -5.158083 -22.359592 9.071973
-279.502808 214.192062 -71.352501 -1.739015 -45.630165 -44.569756 30.254341 -5.905385 -42.568417 -9.902699 -9.236761 22.667793 -1.597670 -31.236763 9.475542
-283.746826 200.144165 -70.656403 5.820281 -54.053986 -37.411232 31.599190 -3.612185 -52.211815 -19.080769 4.234864 23.524591 1.675959 -32.597054 2.933848
-306.267792 196.110794 -46.748917 13.666779 -61.340622 -29.039433 39.216480 -10.661294 -72.909081 -29.823700 25.127666 24.370899 -3.010707 -34.074345 -1.133277
-374.888306 180.347473 -26.894060 11.822879 -50.479782 -23.215641 42.124413 -23.089123 -74.783936 -29.886921 26.780769 16.031197 -11.561076 -26.909416 -5.000432
-434.565369 137.311111 -55.786705 -12.735105 1.778968 0.402489 -22.406406 -25.501366 -14.030861 -18.314758 6.625917 -2.711576 -7.358546 -4.351358 -14.652938
-336.045074 127.830376 -91.989716 -1.628619 -14.850744 8.252514 -48.977127 -22.845730 -11.355026 -29.980799 1.372344 -18.900944 -5.114808 7.724979 -10.448553
-276.210938 161.316422 -69.366402 29.650560 -14.447527 14.570532 -39.280418 -27.983017 -17.457426 -35.270111 -2.977509 -8.490568 -5.620044 2.755433 0.751106
-281.295685 175.612946 -66.081543 49.860432 -12.543547 -1.552966 -12.674747 -41.883289 -28.118748 -36.822609 -1.118797 5.831118 -14.063023 -6.510429 9.678037
-297.778992 178.664978 -75.430428 46.545597 -2.664352 -12.259777 4.622074 -52.764381 -40.722900 -37.304939 -3.183069 11.741766 -12.097082 -8.854799 7.571577
-318.307831 181.416275 -72.242226 36.689026 1.776132 -28.036430 12.940411 -47.425880 -52.078758 -34.279400 -4.847896 23.672729 -1.796217 -21.047909 3.492501
-319.539551 199.536667 -74.896805 24.614925 12.339697 -39.419846 8.982058 -30.682705 -51.842590 -38.022560 -16.560701 30.451420 10.383619 -27.846733 -4.411264
-314.182770 199.252808 -55.138435 -6.409912 29.407162 -36.077431 7.039934 -14.302683 -50.403416 -50.682899 -16.044846 21.406118 4.093183 -9.472213 -16.989223
-319.951172 192.335724 -24.530691 -31.927605 25.400587 -33.513538 1.382510 -4.522759 -42.161758 -70.401176 -8.496147 28.150183 -21.785015 16.508541 -13.002911
-328.357666 185.332977 -2.887626 -23.552750 0.015937 -34.650440 13.418133 -12.458996 -37.314957 -65.690430 -10.999495 35.944313 -43.907017 27.403324 5.052752
-310.542786 178.845184 -3.740800 -10.906273 -22.258602 -32.849648 27.161819 -20.650127 -44.276695 -55.497742 -3.071263 37.882435 -46.000137 24.890026 6.952168
-307.606781 169.058502 -9.825737 -6.562901 -26.915409 -27.660381 35.567604 -25.886307 -55.347363 -48.703705 7.296185 44.175175 -48.232437 11.926405 2.579794
-312.245270 168.466537 -15.861479 -0.716368 -2.796820 -13.633223 24.299093 -42.346931 -58.452614 -32.360634 -3.125104 22.312185 -45.275032 12.232979 -12.237240
-359.025604 158.612106 -2.207579 16.533665 2.636293 2.376866 10.033614 -43.261436 -52.764645 -16.276138 -8.234952 0.678059 -37.233711 11.587269 -16.472736
-411.707855 88.917343 -6.056197 63.821800 -11.801577 13.023865 6.838072 -36.131607 -34.088242 -8.176183 -21.648987 1.219729 -26.963755 -7.219922 -4.939258
-332.488831 18.665257 -44.825001 26.599064 -15.519120 -28.410389 18.584232 -21.855734 -33.115963 -10.549772 -19.169376 6.061047 -10.118659 -4.165974 -13.317479
-250.428055 55.818924 -19.117510 25.878872 -6.327721 -28.781425 -1.159370 -38.138466 -50.688499 -14.997072 -16.005228 -3.116277 -11.257832 -0.333103 -11.610159
-231.703796 107.941216 -21.981611 9.556101 -3.189178 -17.784847 -4.673468 -42.660797 -57.287518 -18.664312 -8.720939 3.829634 -12.159143 -5.986797 -3.596419
-272.395325 159.578812 -44.834183 -3.293012 -11.932070 -26.691425 10.842251 -38.663078 -48.222183 -30.732395 -8.846686 13.534698 -6.991519 -14.664122 11.525340
-317.889343 184.003326 -39.285500 -1.694325 -27.864674 -36.567429 33.888458 -39.241402 -38.680458 -36.726967 -10.914728 22.747540 -17.027687 -1.827083 17.712341
-354.859833 194.892059 -7.647973 1.150153 -38.205391 -36.667355 32.972847 -31.471348 -42.424194 -36.407967 -11.384085 13.696888 -20.698086 12.579851 17.183538
-384.902283 201.925293 13.317415 -1.590883 -39.327480 -37.293022 15.428076 -26.831509 -28.451679 -30.410038 -16.715679 -2.148815 -20.189987 17.372272 11.438004
-392.623810 202.610107 20.021893 -4.944177 -43.221401 -31.133617 17.328213 -31.893770 -30.770937 -27.785152 -17.031574 -0.304760 -21.226538 12.961676 10.378551
-396.286896 204.303864 27.713156 -8.944906 -55.330563 -30.152565 27.065422 -32.687721 -35.597885 -22.226273 -7.403244 -2.959602 -25.196705 17.716291 10.054804
-402.407013 206.571564 34.197750 -4.982878 -61.157753 -35.542175 29.361908 -23.924917 -37.308254 -23.713243 -2.848063 -3.252225 -24.158560 20.403870 8.018653
-386.770569 199.874100 31.981213 -1.868273 -61.738022 -28.235939 16.052921 -31.525589 -36.917770 -18.563618 -17.950356 -6.723983 -5.828340 7.530740 4.365285
-336.472992 174.592224 24.739822 -6.885378 -52.248497 -26.159901 -0.881263 -35.203308 -40.470737 -12.485542 -21.053459 -13.438940 5.690221 -0.301301 5.017435
-364.059631 169.639938 22.553970 0.393220 -49.035233 -32.258461 -1.284261 -32.934700 -39.956036 -11.405978 -20.559624 -14.832994 4.064609 2.383609 10.482101
-489.951721 165.099274 47.776726 10.718061 -54.068916 -41.901436 6.559446 -20.215219 -35.984192 -25.500721 -15.054783 -8.633079 -14.481319 8.362143 9.034531
-578.403137 118.843872 51.967430 -8.703947 -35.226505 -30.710629 -17.070141 -12.959921 -19.034479 -22.629711 -16.723780 -8.014463 -4.433061 -4.527261 -3.621743
-616.904724 79.402267 44.473644 7.182970 -18.002254 -26.902241 -24.689962 -20.576218 -20.158459 -21.660309 -20.401653 -14.740053 -6.401374 1.433319 4.897918
