city031_075
CHOOFU
22
-454.800323 20.702757 -26.535786 35.807011 -51.692513 -65.723450 6.552115 0.635892 -38.118141 -7.015487 -19.495701 -2.109808 1.128771 -11.160461 -7.585324
-330.966064 -2.144791 -24.542753 50.041454 -61.462849 -65.698654 1.296741 1.741177 -47.128578 -15.084185 -19.093332 3.473191 -9.807731 -9.889925 -9.675715
-242.843781 59.326714 2.374442 54.492348 -45.458435 -49.836502 0.865524 -11.050278 -58.414803 -23.403280 -13.033154 5.150301 -16.571836 -13.130224 -7.461875
-228.156815 130.725418 -11.279333 17.680149 -38.370674 -36.963158 -1.514241 -7.691282 -48.651398 -31.565628 -11.662066 11.499378 -11.352502 -13.736507 -7.303826
-288.391479 206.694489 -28.653084 -12.128426 -26.849380 -39.705498 -5.604537 5.498948 -26.464088 -30.677782 -7.577594 8.081865 -5.522438 -13.391756 -0.867655
-264.120636 207.507874 -19.969730 -17.224064 -34.080292 -30.974018 -3.532680 0.930302 -18.636288 -1.362893 -6.418172 -11.753364 -5.079441 -10.798529 11.116199
-236.415665 197.873993 -6.966520 -17.714359 -39.674995 -24.258265 -1.565398 -14.356255 -20.833158 12.428725 -8.813147 -19.942383 -1.591517 -11.631226 3.556471
-280.485779 201.863693 -0.983607 -6.715695 -48.286804 -35.563560 1.982046 -24.162872 -27.393410 17.874538 -10.690937 -21.883251 2.441703 -12.399977 1.693556
-362.465729 206.619293 30.025024 25.146654 -64.808434 -68.405746 19.236980 -23.950790 -33.459354 20.037216 -5.598766 -18.396210 -9.250199 -19.001009 -3.075274
-352.943451 211.361969 24.757170 20.359179 -68.849815 -69.998383 25.838587 -17.163305 -40.766891 3.968118 -11.286530 -11.933175 -2.699495 -15.721260 -3.028664
-330.373627 204.917221 -6.192579 16.726374 -43.704941 -70.648361 7.185695 -3.227407 -33.911350 -3.617285 -21.663063 -8.944962 4.836094 -11.040884 4.896142
-299.116577 134.979782 -14.904509 7.881704 -14.275291 -55.939285 -8.727187 10.607578 -48.162693 9.811827 -23.220009 -14.266344 13.089668 -19.581409 4.703049
-320.697723 60.452469 -42.409683 2.739257 -2.426838 -40.156380 -0.592819 14.355976 -44.642464 13.462162 -20.070393 -16.166428 12.844183 -20.726042 1.552717
-306.471039 96.969818 -12.611517 23.824348 -2.172880 -38.244881 -11.122684 -5.166555 -47.843040 -5.076405 -34.934456 -22.005335 2.945918 -11.666921 8.212725
-293.328552 153.390121 -5.803417 40.666428 -6.324335 -34.871628 -16.181372 -20.327911 -49.080841 -15.257662 -18.605740 -12.535646 -22.197891 -1.947942 10.443441
-280.115784 171.726562 -33.237259 47.754871 -7.047423 -29.613756 -22.257416 -21.018154 -47.184395 -13.247856 -7.639915 -3.849376 -30.385252 -8.827167 21.485893
-283.550537 156.235855 -41.686134 49.059750 -10.266493 -27.042793 -26.024101 -21.804869 -36.415871 -3.300351 -5.008612 -1.824826 -29.605965 -14.801037 26.665527
-314.293945 152.398392 -35.593079 47.737076 -5.809111 -29.749569 -30.481800 -26.108059 -30.330196 -3.679800 -0.101116 -5.091362 -25.008163 -4.381454 31.344475
-369.776062 151.224182 -22.538595 37.036377 2.773814 -34.480408 -38.094109 -34.934914 -33.759281 -15.015085 5.487816 -9.783665 -22.506359 9.128551 23.211395
-455.739197 133.364197 -3.713179 5.304877 1.807629 -37.336571 -41.653183 -32.656025 -39.312145 -19.144596 3.050183 -17.173832 -22.555569 6.284651 7.286041
-557.657715 72.296204 7.022315 -13.608183 -13.260113 -17.982571 -22.274134 -26.490524 -21.251804 -1.935583 2.831005 -12.392097 -13.529151 -1.209170 -1.756220
-625.244141 16.657207 10.803230 4.641221 -0.580413 -5.263695 -9.021562 -10.294823 -8.671544 -5.938722 -3.902503 -2.312662 -0.130190 2.022123 2.336343
