city031_087
RYOOGOKU
30
-597.308105 71.077835 26.240255 20.215206 9.948874 -30.622120 -54.776894 -41.012985 -21.442104 -15.638685 -17.045435 -15.013002 -3.710415 3.305357 -7.485067
-544.297363 109.074646 25.207909 36.576477 33.519653 -37.270332 -71.055710 -39.998825 -14.140705 -10.800236 -14.131751 -21.448589 -14.904026 1.233488 -7.481360
-483.414520 85.759430 29.989899 104.636673 18.645559 -19.450089 -31.146370 -39.057419 -9.395746 4.002533 -30.765999 -15.013577 -7.763103 -16.483078 -0.989422
-380.561035 91.556030 15.286207 119.426071 6.759687 -36.771843 -36.428726 -12.414225 -15.951647 -14.261395 -42.973831 -2.440321 -9.898977 -15.403135 2.713891
-323.150421 123.604507 -27.211830 89.570152 15.832830 -36.643143 -47.050499 -21.838573 -10.311421 -16.451624 -35.898361 -8.497950 -17.934229 -5.669825 11.133058
-330.517181 161.645782 -58.778801 49.772453 27.559116 -33.901386 -44.326164 -45.582771 0.383875 -25.395473 -14.483894 -2.366438 -33.152771 -4.073129 21.322857
-343.529816 188.093018 -53.625061 9.426268 21.229527 -21.564735 -36.476704 -48.560616 -0.333695 -27.840599 -14.671606 11.998291 -36.415787 -9.251530 35.455116
-344.825623 210.896576 -43.679832 -10.075887 8.102693 -18.526447 -33.448959 -35.556328 -9.421854 -37.791817 -19.058832 19.213497 -24.673386 -6.303917 30.145523
-343.031036 214.825348 -35.550224 -15.828905 7.559703 -28.400351 -27.117905 -18.746983 -15.672901 -45.157104 -17.774563 22.299463 -21.838194 9.005331 17.216093
-345.687897 210.453735 -24.231831 -11.975338 3.093919 -34.622932 -16.265953 -10.030910 -18.374249 -45.411476 -15.289614 22.528343 -22.114798 20.036522 14.117077
-353.572052 206.746750 -8.235809 -6.790600 -6.309272 -43.726837 -14.970844 -4.189937 -13.152342 -42.286346 -19.791103 15.481665 -26.054354 21.918886 13.132055
-365.070099 202.598053 4.207296 -8.870207 -11.981699 -44.231537 -20.021904 -0.390970 -17.326504 -38.439514 -12.544575 8.876607 -26.367500 16.297482 11.721420
-377.633698 208.087936 12.562466 -8.008289 -21.655201 -41.194687 -28.049030 0.272619 -15.449949 -36.502800 -1.528698 -1.319923 -27.203876 12.551802 9.735973
-396.330414 208.061768 21.244534 3.630321 -25.003344 -36.663788 -30.971611 -4.726615 -9.244398 -33.869888 -1.480464 -11.219857 -29.109756 10.329996 9.093469
-435.915710 197.242599 38.378647 1.051087 -29.985744 -33.162460 -18.496338 -5.874154 -10.711745 -29.784775 -9.589886 -11.083351 -23.010551 5.971104 0.415650
-405.695862 205.994324 37.413937 8.272254 -48.048664 -41.555454 -14.551216 -20.197237 -11.316174 -33.963402 -10.738588 1.209448 -45.853798 1.035119 23.669470
-366.584320 208.089111 17.078388 12.287386 -40.521790 -45.872749 -18.167686 -21.005812 -6.670471 -31.330240 -15.827457 5.802446 -45.716705 7.135213 28.858585
-376.508667 197.127472 11.195641 9.399702 -35.075851 -41.698502 -21.897331 -13.624971 2.004641 -29.277390 -21.167603 5.587370 -37.307510 16.752972 33.126644
-413.548431 185.350006 29.241596 23.464767 -39.672523 -42.035698 -19.117855 -17.661243 10.684397 -20.907877 -26.197845 -8.577399 -35.706978 23.031309 36.091049
-463.516479 176.445877 58.746407 23.631203 -41.316818 -36.565102 -19.806000 -20.776211 6.411466 -15.834182 -20.480991 -11.246743 -33.656586 7.086118 16.642271
-526.737000 153.552444 80.063927 19.533033 -32.657848 -28.415508 -12.085887 -4.888338 3.844316 -12.965179 -18.369930 -17.458893 -24.866879 -6.013659 -4.240797
-492.420013 153.086533 12.005022 -34.634087 -19.743397 -13.976593 -31.297766 -1.187431 14.162838 -12.484469 -30.787703 -36.551247 -3.364959 14.655803 3.180353
-453.838928 157.287659 -13.165350 -39.663513 -14.537685 -12.909449 -49.428635 0.355042 11.441198 -24.186466 -21.266762 -39.629879 -9.042274 14.998839 9.969925
-425.234222 176.465546 -2.338092 7.966291 25.978027 -17.322594 -57.345520 1.930968 5.546724 -38.174286 -12.783705 -23.744205 -25.775242 6.930324 20.656822
-410.350922 177.688507 -12.856665 31.978748 48.311390 -20.087952 -69.083542 -21.931961 7.991049 -39.662941 -6.246763 4.480618 -45.429962 1.937276 21.490070
-401.509552 174.229080 -21.409878 32.071793 46.980034 -15.285225 -71.337486 -26.756504 12.539793 -46.100388 -9.485493 8.748774 -49.545242 2.461520 18.141083
-421.055969 165.741852 -15.007783 29.089783 43.450714 -13.727356 -69.197777 -27.683300 10.428189 -44.742035 -12.399338 4.801148 -47.767941 -1.172987 13.757627
-469.615234 145.272079 0.669955 27.789852 41.384666 -14.514235 -64.664742 -33.393822 -4.532714 -34.559189 -9.902534 -4.424857 -39.497108 -3.727906 8.272171
-549.164795 102.599281 24.664579 27.476624 21.558840 -20.406853 -51.846764 -36.649075 -14.933973 -18.837856 -11.308731 -15.366719 -25.957287 -1.877335 5.959395
-619.470398 63.278061 44.583328 26.615147 6.833165 -12.662754 -22.615507 -24.239189 -24.363121 -21.947325 -17.105179 -15.312595 -14.482044 -9.282643 -4.606233
