city031_011
SANGENJAYA
44
-415.487549 -32.716461 -12.667891 40.257790 -42.518394 -26.926783 -21.659357 26.764889 -15.921808 -5.581069 -19.684902 11.146521 9.542044 11.491852 -14.733210
-325.417755 -16.014463 -27.662594 10.722418 -42.118587 -22.935396 -35.731319 8.045197 -30.892019 -9.681324 -18.785793 4.081059 -0.243542 5.366989 -19.408283
-298.374023 5.002254 -36.075871 0.600813 -38.309311 -15.465285 -34.548050 -0.789797 -33.479336 -15.752329 -14.767045 2.050385 -4.582676 2.251654 -20.965050
-288.049774 74.983398 -24.089897 -0.673617 -32.503231 -0.594886 -17.376049 2.358286 -30.675581 -15.798761 -3.390694 2.531167 -15.043111 -12.391590 -26.200653
-252.959763 150.501907 -60.896294 -5.568232 -27.781290 -13.197847 -6.248014 1.678304 -32.222431 -15.952605 0.597658 10.331066 -20.850294 -19.050283 -24.231487
-227.317871 149.961700 -79.751770 6.613276 -30.018919 -22.425379 3.328393 -7.954699 -28.740410 -15.284658 -11.045177 19.637264 -29.757061 -15.677572 -26.207497
-224.640793 140.074677 -85.845856 20.863974 -23.153709 -23.507313 14.066163 -18.085373 -18.900509 -23.819744 -23.677433 27.874439 -40.530525 -4.595667 -31.731003
-225.857727 133.593933 -91.455032 28.791481 -13.630211 -23.131027 13.583591 -30.110615 -11.361678 -25.060356 -22.754276 33.006683 -45.766800 6.068192 -30.730127
-243.457626 126.567062 -92.631302 44.293015 -5.433217 -31.572445 6.557098 -35.277328 0.114296 -20.027422 -25.345806 29.233503 -48.170338 16.607620 -27.955111
-274.642517 111.767761 -79.663986 70.226974 -0.476814 -39.449142 -4.571827 -33.203758 0.705259 -17.216492 -28.808994 25.536716 -44.623516 22.091827 -24.981295
-309.263123 100.891418 -58.851860 90.893906 9.066715 -40.865200 -3.121320 -27.798491 -11.966873 -23.816719 -25.110918 31.862989 -31.754343 33.337635 -33.359833
-334.721802 100.110062 -46.111465 90.218689 15.531615 -43.701706 1.084729 -16.439232 -21.308172 -27.879395 -22.054924 29.335976 -27.565569 39.593475 -37.127975
-349.963470 111.091499 -35.011826 81.357407 20.705847 -45.665771 -8.166373 -10.118917 -25.518902 -25.586723 -12.695555 22.972990 -25.923058 41.788342 -33.196316
-362.417419 126.062515 -25.269068 76.022942 15.192774 -39.198608 -7.790337 -10.435417 -28.778927 -27.522545 -8.448246 9.294950 -19.410528 30.286125 -21.898287
-281.912903 120.724792 -52.672813 83.002281 -24.562431 -18.386953 -8.262516 -3.314191 -16.705860 -64.811546 3.812455 -4.613664 -10.607697 5.729149 -15.386142
-222.120956 108.377701 -57.635536 82.652786 -30.658154 -22.378765 -7.802472 -6.615481 -15.382782 -68.302444 1.569640 4.523294 -17.101349 8.640582 -15.004808
-229.615128 97.927567 -39.660263 82.389763 -19.425661 -32.588142 -6.680738 -14.918115 -9.659851 -59.869911 -3.606440 20.413944 -29.588196 18.067307 -8.084670
-281.397278 96.454239 -31.529764 84.613640 13.357935 -50.807358 -6.709117 -30.773308 -1.511975 -51.038036 -24.993027 35.247963 -46.365364 32.357407 -10.433794
-298.203369 104.385445 -27.162920 86.742119 16.005625 -60.544922 -14.185528 -21.186411 8.010315 -35.142044 -37.653652 29.182863 -43.056679 31.942835 -19.919647
-310.358917 104.797546 -25.294697 88.826355 14.100994 -64.755226 -20.279675 -18.393707 14.214886 -23.907761 -42.552734 13.559063 -34.002647 36.798962 -18.702459
-326.500580 106.081497 -30.720448 96.530304 17.761505 -56.916779 -17.885668 -21.866669 6.875403 -20.434858 -43.464676 2.665756 -27.251801 37.492348 -20.928738
-342.521820 111.026108 -43.448624 114.337875 18.938145 -41.507793 -10.027491 -26.710636 -3.886922 -24.622700 -41.083000 3.002869 -16.741442 32.443016 -14.586675
-347.794373 119.247986 -55.626709 119.309723 10.494194 -43.902679 -6.622321 -29.586983 -0.576735 -26.168030 -36.184006 -1.961806 -10.520608 18.149929 -11.288500
-348.670410 128.235077 -53.087502 111.511574 13.884829 -48.141663 -5.064061 -23.192497 -0.816415 -19.717007 -34.478474 0.496751 -7.601551 12.530928 -14.413166
-360.971558 136.428741 -35.902302 99.719986 13.161537 -41.475815 -4.299087 -20.981609 -7.369156 -17.628693 -26.950603 -2.144511 -3.720636 20.013336 -11.807118
-372.357239 142.477081 -20.116528 88.306633 7.006759 -33.738129 -8.816702 -21.780113 -6.976650 -11.778048 -19.629322 -13.412540 -3.771824 22.865595 -14.027950
-332.991180 106.395134 0.862359 77.453186 -5.654981 -17.157375 -1.079262 -10.862955 -8.908709 -30.765308 -13.274955 -0.742866 -10.999591 16.664227 -15.722204
-250.624634 35.745865 0.789417 60.325539 -12.440857 -11.196815 9.646782 -4.380272 -23.008106 -26.412323 -24.334026 11.507376 -6.338065 0.067331 -15.064316
-225.834732 5.278381 -16.019388 48.297897 -31.129557 -22.129463 -4.390050 -12.346350 -28.307583 -22.353516 -24.149168 14.256961 -4.424496 -0.174984 -16.510685
-221.304916 53.385002 -0.736414 53.511055 -31.358444 -22.710373 -17.594448 -21.830294 -27.320908 -13.109056 -22.886253 12.333911 -5.728653 0.941769 -20.228514
-243.853775 126.828049 -21.222866 38.723076 -25.935463 -25.007458 -28.327602 -23.821072 -18.812010 -19.321533 -15.477713 11.939329 -6.278779 2.870017 -15.637098
-278.044525 172.856400 -63.174221 38.901115 -22.200108 -36.133484 -14.493250 -25.992125 -15.694115 -32.182880 -7.740150 16.192354 -10.725689 1.103933 -10.171486
-295.709412 186.159851 -75.486626 46.296051 -20.812267 -46.620033 3.254079 -28.710411 -18.825722 -31.993979 -7.823913 31.597443 -17.173517 -5.815123 -4.233346
-297.461426 174.069244 -72.481964 64.744263 -31.835587 -51.794685 13.444062 -31.344473 -16.305389 -29.591862 -14.139566 28.105610 -14.783091 -6.408240 -8.071092
-290.277008 160.032394 -69.815216 77.944946 -24.919216 -60.757111 14.786207 -29.064522 -5.301058 -24.838854 -25.224060 26.248501 -12.276100 2.963723 -15.150262
-275.875275 156.676193 -85.091927 62.649708 -15.213694 -55.514992 14.541845 -36.438911 -1.844294 -18.740433 -23.434631 24.307201 -14.640018 6.777190 -10.821235
-263.747711 169.039246 -93.697281 40.982018 -14.790178 -48.840321 15.411132 -35.864189 -6.138650 -15.351208 -17.495947 21.484533 -19.516340 1.059619 4.440064
-247.692413 188.860199 -90.678490 26.799355 -24.499983 -33.983574 9.529221 -34.696106 -17.980259 -21.394028 -2.484198 33.753826 -22.293707 -12.057457 9.462647
-251.991241 202.282639 -82.623032 24.102148 -37.584347 -33.508602 3.937884 -37.282448 -30.470877 -27.027721 -3.151371 39.018024 -20.756626 -20.747688 -1.543556
-302.157043 199.389114 -63.237698 14.559459 -43.585526 -43.748791 6.459890 -28.630362 -30.944592 -26.938366 0.132790 33.083397 -18.519665 -23.789423 -13.803506
-393.224121 176.479675 -32.414192 -2.276788 -47.049744 -46.764267 11.039505 -18.254105 -33.400093 -20.691061 8.712053 26.172033 -17.874531 -26.296360 -16.503494
-480.550873 134.338760 -9.108459 -8.381670 -46.910645 -38.098240 13.547346 -13.916511 -39.599556 -22.128008 12.235755 21.849581 -17.827145 -22.478733 -8.418493
-537.135376 101.164864 -3.588319 -11.262499 -34.127472 -26.610504 5.613988 -17.715033 -40.625038 -23.288734 9.125980 15.410958 -13.372840 -16.582626 -10.153452
-613.968994 53.602104 8.297133 -2.539326 -10.682403 -10.205893 -6.479147 -19.005957 -27.640633 -16.136566 3.184795 3.638754 -8.958720 -6.718719 -6.003159
