city031_013
SUGAMO
30
-450.987976 -30.491394 -1.716286 11.842789 -43.129467 11.068190 -23.533455 16.688255 -17.079659 -14.607012 -10.060675 -6.405028 12.309396 -7.592844 -17.371227
-391.486572 -36.284584 -12.419336 -0.172303 -38.430771 11.651506 -28.090843 12.842948 -25.167393 -15.536004 -7.736560 -3.778354 7.028122 -5.401018 -15.678698
-367.439850 -47.584633 -18.274921 -6.463939 -36.716423 7.496415 -32.880531 7.798356 -26.683739 -15.066048 -6.865535 -2.174884 5.041002 -0.736078 -10.847458
-338.934082 -38.907536 -22.394625 -10.580978 -40.848503 0.403508 -35.395214 5.833291 -23.639463 -15.236677 -7.652125 -8.129463 4.887467 -1.298348 -10.246670
-329.836517 -24.340279 -20.882191 -9.054766 -37.978939 -3.036332 -36.063854 -2.139791 -28.911076 -18.379627 -10.116701 -10.007863 3.127880 -2.780407 -14.618971
-341.343414 17.590851 14.460852 20.809006 -16.362436 10.383675 -29.525898 -6.179800 -31.352852 -23.011017 -18.437553 -10.030003 -1.812463 -2.805669 -12.850794
-327.335266 94.953018 27.349041 33.543686 -12.854334 9.343885 -26.110138 -24.875237 -40.410896 -15.698248 -11.706809 -18.096386 -11.061961 -1.287020 -10.346179
-297.148102 127.416908 -3.761435 46.830772 -12.002024 -3.680113 -13.201987 -47.450977 -37.065804 -11.885618 -12.444604 -12.500357 -12.927395 1.677073 -12.867749
-280.056061 122.849854 -23.390430 50.803329 -3.059011 -18.200680 -2.423786 -52.133385 -32.143818 -6.560402 -17.796188 -3.923560 -8.446698 6.455400 -4.313031
-273.397369 117.513008 -28.354420 54.547398 0.598564 -14.613716 -4.263767 -49.743553 -29.682274 -15.149231 -16.570473 -4.683923 -5.600444 12.990833 -1.234002
-288.156677 130.162643 -21.747410 53.993332 -0.912083 -7.189021 -10.658033 -49.740959 -26.676281 -24.462475 -16.381378 -14.818910 -18.773413 8.341436 -5.974416
-326.332672 142.002274 -8.569644 35.758080 -1.105970 16.746145 -15.318422 -31.031252 -37.489391 -26.797977 0.312329 -13.689508 -17.195875 0.308539 -5.461892
-310.453186 150.453964 -19.499224 3.288541 -14.602011 24.063828 -17.135441 -4.751936 -56.708904 -29.159481 14.023840 -4.517896 -5.606395 -12.629553 -3.863580
-311.414307 176.272644 -22.284580 -8.088165 -21.133385 6.793017 -20.480854 -0.867134 -61.002930 -36.757610 23.645128 -6.594954 -4.206160 -14.411283 -9.353354
-328.169281 223.386963 -14.409826 -21.730701 -27.922615 -27.682056 1.787570 10.115076 -60.467300 -52.571342 33.120598 20.303329 -5.772096 -10.809861 -17.259651
-334.033478 230.856018 -10.233736 -21.175449 -42.828255 -43.793640 23.598957 7.230203 -63.624134 -45.619831 31.236700 32.260590 -14.158710 -15.709055 -13.092662
-354.026886 220.454498 -4.564528 -24.486229 -54.058708 -46.483597 29.916180 3.229552 -69.278397 -38.954201 34.678612 28.150558 -17.958603 -12.792768 -2.233767
-375.915497 211.922394 2.863755 -32.196926 -59.362671 -39.685768 32.859272 3.611448 -66.050369 -36.504349 33.389053 21.889130 -22.091995 -8.849660 -1.734542
-379.932373 224.233917 13.935373 -40.308064 -60.585663 -41.778385 33.236038 8.252173 -72.836113 -35.909584 38.562263 16.197483 -19.282879 -2.075657 -9.540536
-378.803070 224.781677 17.970661 -29.147429 -52.562096 -40.891163 35.517632 10.519983 -73.157394 -34.489639 38.314995 16.569958 -13.487558 -2.006029 -13.344769
-390.447144 211.115509 24.532799 -4.508334 -42.470596 -44.669987 35.824524 11.738887 -66.367119 -26.010834 27.004246 0.879562 -9.978479 2.412507 -15.382963
-414.666687 189.351379 31.817404 23.479385 -24.003109 -45.022774 39.895477 25.243069 -57.654652 -28.985203 3.914005 -23.827972 -5.167090 12.381732 -22.755339
-432.168945 180.700272 43.278713 32.216251 -23.122894 -46.352394 36.036465 26.866646 -47.088333 -27.013151 -8.287306 -31.939514 -3.202496 13.714549 -25.616890
-412.733002 196.405457 44.450706 29.675865 -27.893101 -55.058552 19.507410 12.384493 -43.576412 -14.234991 5.024088 -20.833565 -5.553245 11.092226 -13.338205
-359.300690 199.729919 14.028755 35.080273 -21.470068 -76.877159 18.852932 14.014430 -48.603569 -11.419636 6.642030 -8.873009 -10.672990 4.847886 -15.418365
-338.813568 195.636841 -0.637999 42.436867 -21.502457 -84.480240 13.328327 4.838244 -49.137886 -15.059794 -0.442649 2.699960 -9.024965 -2.415704 -18.664757
-368.209015 181.493042 9.027883 46.190590 -27.946136 -88.038162 -0.469418 -4.234319 -47.056473 -19.840168 -1.852928 9.010986 -5.042329 -6.218315 -21.224274
-455.974335 154.785767 39.162445 35.603832 -32.470398 -76.917969 -15.580605 -7.158038 -40.091961 -19.267136 1.772926 -4.658585 -6.303601 -5.756289 -18.729637
-549.727417 113.898125 63.596176 15.789045 -21.315100 -35.705986 -26.670284 -17.994738 -16.130053 -9.621490 -5.855755 -10.959740 -12.569803 -10.823708 -12.882701
-589.158386 74.221550 52.982368 26.539038 3.442086 -10.911449 -15.806921 -14.134772 -9.998929 -6.657226 -5.627965 -6.789868 -8.924109 -10.386812 -9.867286
