city031_048
GENKAI
29
-566.376892 74.733566 61.213081 43.362427 21.937805 4.232448 -9.190058 -19.728394 -22.909950 -21.872608 -20.012974 -15.355411 -12.627151 -12.997984 -12.216601
-344.280518 59.386440 30.085342 64.984055 -35.666176 -19.132965 4.441240 -2.182826 -5.411357 -26.290689 -0.895800 -25.350147 -13.403646 -13.608564 -23.177332
-186.129410 48.960918 13.785534 64.068130 -30.462622 -32.769371 -13.449542 -4.463748 -17.104286 -29.278713 0.625279 -13.050451 -13.856438 5.918711 -12.999458
-133.799225 51.943611 -2.123012 71.413193 -17.944620 -47.048622 -20.390018 3.461502 -23.191010 -34.888618 -7.233868 -6.834134 -18.289101 17.570045 -13.108488
-130.042664 59.974197 -26.462784 76.022400 -7.681322 -58.839325 -13.911243 -0.159914 -26.837833 -34.132935 -8.286064 6.673336 -17.656488 21.549736 -12.039839
-143.558044 68.764374 -42.056740 71.736481 -10.764360 -77.242493 5.504391 -10.939251 -17.426287 -25.487223 -10.099376 21.148949 -30.504183 23.103264 -11.018179
-161.528336 73.999977 -41.391975 69.857758 -20.246342 -83.428078 17.519230 -12.316227 -9.705927 -31.384447 -16.366493 19.464958 -36.648651 29.336029 -12.186131
-199.304291 89.450096 -35.174656 65.785995 -17.005424 -80.106873 25.911530 -13.140787 -5.903576 -40.830971 -25.116905 15.943650 -40.080994 37.870838 -12.565371
-251.559189 108.360336 -24.162670 57.070251 -4.975471 -63.092487 23.917360 -17.758812 -9.178066 -50.131279 -22.390011 8.211016 -39.508179 41.083366 -10.101750
-303.847443 121.043526 -19.185831 63.074242 -2.592325 -47.563377 22.652639 -18.314754 -20.589209 -44.994804 -15.178728 -0.375201 -27.391563 32.729443 -6.117041
-350.131012 127.694199 -18.508179 74.871307 -9.918733 -46.881950 20.109283 -8.702542 -21.824398 -33.592781 -21.470505 -1.639824 -10.926371 21.402584 -1.193421
-373.477264 134.206589 -6.119115 76.304237 -8.777555 -47.762157 13.516731 -13.595671 -38.726654 -34.122913 -23.273136 -10.644764 -1.619069 24.481796 -1.159759
-403.771301 142.926575 14.938888 62.792171 -9.262484 -47.855984 10.596087 -15.765106 -54.124153 -28.252457 -12.790432 -22.072372 2.594674 27.168190 -2.014401
-446.179352 144.823334 46.785385 53.585312 -11.753998 -45.845428 8.720745 -16.460302 -54.718643 -14.284647 -11.172346 -27.985943 6.962050 14.047165 -10.454388
-494.224731 131.719711 76.536926 55.547653 -1.211246 -23.322203 1.317401 -21.856880 -39.604382 -12.562409 -13.258709 -16.169014 6.252080 -1.672439 -18.074387
-544.782410 97.721764 74.091873 49.456932 19.141756 0.714250 -6.588922 -16.432949 -18.348442 -14.588182 -15.602974 -12.795555 -9.608831 -12.065689 -10.641699
-440.369476 123.988144 -17.092489 -40.105202 -7.652806 4.148677 -33.532921 -20.051119 -2.415794 -17.182201 -6.670745 -20.504690 -5.556205 1.613677 -8.471777
-213.544998 112.209915 -49.543236 -11.928535 -11.179410 -14.395582 -28.847059 -37.118752 8.057259 -40.063004 16.292187 -29.329842 -9.309450 19.762184 -15.318348
-118.992271 112.469009 -60.749828 9.304079 -18.482079 -29.085724 -14.521253 -38.670433 12.500664 -36.138988 18.160835 -11.171023 -20.846201 25.106344 -11.343846
-110.477287 122.068298 -81.928757 15.029715 -24.694267 -40.000324 -6.593261 -39.385742 11.937813 -26.440067 7.156454 6.825641 -36.731094 27.659809 -10.957718
-148.778732 151.369873 -108.238686 18.326553 -28.587225 -58.064606 -3.391140 -42.919609 10.859054 -5.706633 -16.961451 31.884890 -57.015537 39.488861 -14.869612
-140.545914 156.158188 -119.159584 20.667171 -28.364902 -61.311035 -1.031709 -47.038223 6.319180 -2.620541 -15.644982 31.853210 -50.319115 47.393806 -20.555103
-149.728958 144.888947 -117.431900 31.931995 -22.675659 -54.368401 -10.871367 -46.015846 7.516077 -11.422113 -13.942956 25.129639 -46.699730 54.632317 -32.661331
-184.353195 133.975586 -99.249741 51.631638 -9.892088 -55.169495 -26.815681 -38.220661 5.627898 -34.469765 -8.761057 14.866460 -46.662819 47.551941 -35.010944
-231.914886 135.953735 -70.183830 71.080017 -6.621434 -56.215630 -37.984375 -21.770752 -1.844320 -60.343220 -0.787293 -3.452017 -45.234013 43.917854 -25.879139
-299.826660 136.293488 -41.657158 81.244278 -2.724146 -46.030876 -41.151814 -7.657320 -15.545774 -75.858093 14.942889 -19.164524 -44.672276 44.401672 -16.711699
-385.139709 104.521835 -22.274500 75.999008 5.783352 -38.817936 -38.951607 -9.229541 -23.612303 -61.147072 19.459553 -16.405283 -46.494400 23.300226 -17.137775
-496.325867 68.006073 -3.136732 44.562012 6.791616 -37.848900 -29.658142 -9.212963 -23.299694 -31.470791 3.761556 -20.497803 -33.934971 4.834776 -4.816301
-573.257141 47.312698 24.586964 29.960392 14.980604 -10.450811 -8.064096 -6.466790 -19.524010 -14.963286 -3.031299 -11.679182 -18.132191 -5.268423 0.675626
