city031_046
GINZA
25
-583.500793 19.094555 15.141510 25.238216 7.679987 -1.468939 7.342645 -7.951419 -17.055378 -5.755760 -14.984774 -21.372066 -7.488512 -11.274835 -16.201925
-466.293060 80.928772 57.439419 107.560074 -7.937951 -24.337212 7.599040 -27.783089 -33.423088 -10.083490 -3.425066 -23.899446 -2.394337 1.180940 -26.600060
-313.992157 69.112717 24.718727 99.608841 -33.906639 -9.788980 8.908555 -6.601781 -24.175898 -32.229874 -0.897719 -21.636312 9.355894 -7.088645 -23.882889
-263.893066 52.246422 18.284599 93.735008 -40.674889 -12.081569 12.026770 -7.819598 -23.157162 -35.879917 0.592561 -21.639751 2.234165 -7.244850 -14.976498
-264.064301 46.610413 28.765026 103.483673 -44.417641 -34.872765 16.750088 -15.046598 -18.789433 -41.077431 1.829826 -11.997342 -17.734497 3.031674 -7.910549
-242.440475 50.365974 17.117228 108.065170 -45.489166 -55.177891 22.566080 -33.204914 -6.560719 -51.316570 -9.240203 -3.678087 -29.813562 21.137245 -26.832644
-216.959229 65.681282 -7.110868 95.621910 -36.339546 -62.290279 23.771648 -42.064156 5.514066 -51.346809 -20.849197 -5.214118 -31.347866 37.433212 -38.943806
-214.133179 84.168533 -25.819782 80.638702 -17.395355 -57.829567 17.962437 -37.191391 0.029600 -48.024227 -18.567081 1.904468 -25.007046 34.877495 -34.031952
-241.206665 105.730881 -33.635895 66.606262 -3.293983 -56.280434 6.926934 -28.065475 -8.496960 -44.431458 -19.488953 0.779315 -18.553085 27.986454 -24.504200
-287.523438 124.470123 -36.271149 68.496857 4.983353 -50.159462 6.456815 -14.080725 -22.008305 -37.694740 -16.989574 -7.311135 -5.025479 24.796200 -18.616428
-334.559723 138.092377 -23.415226 81.410110 10.373485 -46.828423 5.276391 4.829261 -38.025986 -39.987095 -14.186811 -25.076609 10.736573 23.328480 -17.705338
-368.129730 138.723099 6.782701 88.974243 10.176284 -52.468613 7.526799 6.296223 -46.896400 -36.996498 -11.843237 -28.277317 8.721477 21.103670 -10.621422
-376.336853 148.050690 4.468626 72.739769 21.108538 -44.410149 10.003328 -4.052674 -53.447861 -19.776838 -16.804405 -35.474209 14.099195 16.571281 -6.761157
-349.291016 146.527313 14.508884 42.346889 22.708094 -36.795769 -1.476890 -0.162324 -62.537880 6.088339 -26.978859 -33.553925 6.436768 15.375267 -4.550601
-311.946045 109.291443 45.799767 14.930351 32.316353 -24.155476 -16.329741 5.576014 -57.599670 15.350354 -20.456673 -34.377037 2.727916 14.575258 -8.165709
-253.470200 81.684402 39.209099 12.728718 10.317312 -13.424625 -17.245203 -19.804657 -37.869888 5.508359 -12.443254 -24.636877 1.958471 18.189613 -16.648708
-171.213745 88.303070 -5.940910 9.779068 -12.135771 -22.489262 -19.030399 -39.223736 -26.218018 4.254934 -15.740349 -14.814627 -0.401840 22.856979 -28.720806
-122.501564 106.304733 -41.439285 6.398743 -27.252670 -28.512104 -8.023746 -39.385437 -26.816196 9.818940 -14.183091 3.456046 -21.523300 31.751028 -33.885857
-122.818909 129.135956 -62.097916 -0.901448 -37.688210 -37.035912 3.712763 -32.695076 -40.459415 15.186581 -17.140354 21.487774 -47.089157 34.261383 -32.447350
-147.525482 148.372345 -57.342735 -8.540747 -44.268166 -40.039429 13.076795 -21.832561 -55.390579 8.640820 -8.964144 29.204493 -59.585411 27.075327 -18.661860
-197.913589 171.059418 -42.183136 -20.897772 -55.969757 -45.129349 13.009521 -17.496578 -66.433548 -3.139750 3.223452 28.272552 -62.447132 23.198528 -7.759927
-283.290680 165.632446 -32.166176 -27.238873 -63.372452 -41.322304 7.823489 -24.161539 -61.593426 -15.273411 20.755726 15.692083 -56.582619 18.329956 -11.257537
-399.055817 135.941071 -21.113953 -28.827480 -56.287815 -32.672390 1.563127 -27.686394 -42.739792 -9.897138 35.309906 2.819322 -37.988075 -2.404991 -13.337645
-480.292206 106.362900 1.493157 -34.266144 -38.543037 -16.773046 4.376080 -20.572521 -37.901878 -4.871192 18.874672 -1.519229 -18.805462 -17.234282 -18.529453
-536.922852 70.728455 16.795010 -15.287441 -18.333973 -9.212118 -8.229669 -21.203238 -25.472271 -7.766126 8.298948 4.746758 -7.032454 -15.051190 -15.988615
