city031_012
SHINAGAWA
38
-505.636597 -32.303528 6.184386 55.595856 -41.099396 -10.772237 -8.462674 3.757247 -27.488983 -25.675360 15.696601 8.206167 -1.871272 4.758442 -19.141094
-418.493439 -42.607086 -4.781774 47.350990 -47.915253 -8.557182 -7.836802 13.269888 -22.729538 -35.107841 -5.167011 8.395457 -3.979841 6.098237 -24.371788
-362.063873 -45.527878 -14.814445 19.274904 -55.321510 -2.002903 -9.614540 8.350117 -13.084694 -26.139801 -14.786858 4.834636 -6.184391 3.514604 -26.826588
-289.533630 -29.978409 -28.556696 1.749535 -62.243500 -8.489128 -21.970615 -5.708157 -16.272617 -24.437935 -22.540827 2.127496 -3.066179 1.908969 -26.219666
-271.694672 -28.221489 -24.101410 8.390243 -60.065536 -8.508898 -23.422771 -8.376690 -16.766331 -26.818726 -24.263855 3.231846 -2.644145 1.068644 -22.752460
-294.567657 -2.436617 16.125416 50.392685 -39.110733 4.567236 -15.188643 -7.933523 -19.425068 -30.927914 -25.287964 -0.516933 -13.814045 -3.326810 -26.338762
-315.564941 51.491905 37.194324 95.116837 -14.391989 -10.336983 -20.933519 -8.092431 -24.792761 -42.885735 -30.340837 -0.237169 -16.835464 -5.820370 -21.821915
-310.751923 97.468407 4.937268 115.579224 -8.893609 -34.991161 -14.957635 -8.047482 -28.126734 -43.767731 -27.522327 2.549871 -9.001288 -3.869473 -19.236065
-315.201294 110.352402 -8.149542 116.438843 -17.123171 -49.054489 -2.549108 -11.294647 -17.429295 -42.510132 -29.312136 10.896228 -7.948036 11.102931 -17.263357
-328.994720 109.899185 -4.666137 114.190094 -18.592915 -58.465244 7.642822 -5.964145 -7.204618 -42.750740 -30.812546 16.078835 -7.060134 18.419094 -20.223530
-328.326630 112.892448 -12.419556 99.141251 -14.591795 -57.054764 4.067507 2.928997 -0.324998 -43.670559 -33.728630 19.724504 1.513441 14.947994 -33.046909
-328.814178 121.491898 -21.532207 86.014328 -7.773243 -45.864273 -1.599919 0.873030 -1.806106 -35.510826 -38.975719 10.366432 7.839013 15.513199 -40.116814
-333.760315 143.965469 -23.890408 66.421661 12.911278 -26.450743 -8.452054 -9.461295 -19.081781 -7.539892 -24.983158 -4.721176 0.703431 16.603716 -26.500359
-314.828918 184.520584 -41.913868 19.230051 5.830349 -22.965614 -11.206783 0.759697 -35.063648 11.300240 -13.437889 -20.168045 2.114678 2.396497 -15.577734
-311.709625 208.944641 -64.623360 -17.629227 18.560879 -32.096283 -15.783623 8.232221 -42.053387 10.177478 -2.267283 -21.324783 -5.700527 -8.865685 -6.525523
-324.360504 231.984589 -78.951523 -42.120987 25.755692 -36.092239 -14.692098 8.552383 -35.605309 -12.801973 9.480242 -17.986702 -29.625067 -3.449002 -14.549295
-336.828674 239.992615 -71.541328 -52.432983 29.820473 -25.952896 -15.302101 11.118449 -31.738470 -23.580811 13.453642 -15.427055 -38.713741 2.861833 -14.523014
-344.297546 238.913681 -65.369827 -47.871689 23.663307 -25.398209 -13.231603 8.603128 -35.333366 -23.435665 12.821093 -16.976570 -29.229115 10.655019 -15.757812
-368.700348 226.250244 -48.511753 -27.629330 17.602528 -25.615005 -14.566021 5.476277 -34.235916 -26.447161 13.938038 -15.949324 -22.669773 16.267471 -18.188684
-408.170746 216.142029 -9.487138 -8.591740 10.921936 -20.433769 -6.940493 -3.498891 -40.559151 -27.413048 7.685824 -18.314445 -17.333914 20.414480 -11.044044
-386.608002 230.801254 -6.353735 -22.427876 -12.469948 -5.276369 5.473838 -24.213503 -53.996861 -35.630600 12.421831 2.649454 -11.993868 22.487606 -0.783860
-328.853302 234.578461 -29.131992 -22.501797 -22.481339 -12.660379 7.007010 -19.847496 -53.414001 -28.816254 13.135339 1.757125 -5.153411 19.921602 -0.708118
-248.170914 177.063446 -7.476985 -24.711893 -33.207233 -14.526989 13.797763 -12.800457 -48.535728 -6.214262 -0.883244 -2.697418 10.110325 -3.661591 -4.866604
-240.299133 168.562790 -10.303387 -26.384993 -34.240990 -16.554764 16.447788 -7.896498 -47.392406 -5.738252 -0.675054 -2.478539 8.034219 -9.834455 -7.202830
-309.512970 203.328461 -21.035320 -30.798286 -36.799213 -28.681427 18.111202 -1.836632 -59.475975 -18.071779 16.345100 1.218232 -4.622485 -8.298888 0.050321
-380.505188 246.207855 8.666374 -41.103645 -59.863640 -35.524200 33.129234 16.191944 -70.341370 -44.715336 40.214722 15.964991 -30.027369 -7.836731 3.043327
-385.297028 248.982544 20.656866 -38.948555 -61.406181 -29.631289 36.227989 13.643080 -70.167053 -48.625771 26.195808 17.591774 -18.308491 -4.875174 4.365289
-387.274017 250.621811 23.869490 -38.324547 -61.864113 -26.698059 37.265469 6.334128 -67.383553 -43.177979 19.488373 16.201548 -12.939316 -4.037843 4.757790
-388.288574 253.620590 19.947136 -41.005569 -54.455856 -22.568272 36.470921 -0.177548 -67.076630 -40.728275 19.241318 15.698214 -13.398941 0.318688 8.698317
-394.544006 251.482056 19.766178 -43.425827 -53.049400 -22.927296 34.615097 3.346409 -59.806458 -36.627548 19.027847 12.211479 -15.620193 2.295342 10.368547
-398.028870 251.008545 23.760548 -47.164471 -61.335556 -22.353592 35.229988 0.233011 -56.588139 -32.266895 19.760094 12.287686 -16.022503 2.144585 6.278059
-384.435455 255.387512 27.008989 -46.250164 -70.256836 -25.747990 39.597889 2.733194 -62.344807 -30.029707 21.811810 10.595243 -19.563059 5.900401 8.344294
-376.724762 257.394989 29.158241 -41.876274 -74.553680 -31.823027 40.738766 6.731651 -68.183640 -37.264603 22.234997 12.751243 -21.045130 5.927551 4.607463
-401.091034 253.845520 34.754822 -44.302071 -74.011108 -41.312729 32.432999 7.253640 -67.279739 -43.682285 22.573774 15.599401 -12.503186 2.764444 -8.313367
-461.292297 216.917206 38.282204 -48.098236 -66.608551 -38.610023 16.633205 4.652931 -54.243729 -40.438274 14.522596 15.198460 -3.336275 -2.819970 -18.865515
-546.879395 153.201599 46.962517 -34.148514 -52.675186 -26.267963 0.251538 -5.278369 -27.392857 -28.354130 -6.942094 7.283206 2.114556 -12.447739 -23.294729
-596.293823 107.670776 48.293610 -4.768829 -25.652691 -19.481613 -8.959583 -8.568752 -13.945988 -13.642913 -5.572241 1.285859 -1.015025 -10.152447 -17.382473
-633.716980 69.915359 43.364136 15.227064 -3.085534 -9.455317 -9.180147 -7.861589 -6.598310 -3.466760 1.722083 5.412164 3.402694 -4.467062 -13.304137
