city031_002
IKEBUKURO
34
-538.679993 68.056976 57.513252 43.220188 0.082030 -6.001148 -23.527962 -37.018009 -23.075861 -29.181702 -19.666471 -9.788384 -15.443616 -6.130672 -7.265490
-405.660126 82.582520 79.843117 97.186844 -35.002487 -27.108612 -14.095106 -25.044163 -11.173813 -35.867088 -9.766889 -4.201813 -36.525574 4.996367 -5.947096
-331.201660 72.429382 84.937248 99.964127 -39.698715 -34.176208 -8.803986 -8.762731 -14.948544 -39.779335 -15.874817 2.833616 -41.661011 7.480911 -0.202918
-286.459473 41.123772 90.827133 85.258835 -39.871758 -23.658638 -9.718568 7.000263 -31.512152 -30.774265 -24.200409 18.232769 -30.589203 4.456415 2.046837
-287.651672 28.296017 74.622803 78.461609 -37.350880 -12.905409 -3.252080 8.250521 -35.974194 -24.570446 -24.023903 18.325499 -25.238071 3.472826 0.997144
-336.450745 38.069832 69.882729 87.099388 -40.373878 -5.475669 0.471920 -2.799561 -32.230743 -28.441763 -17.631592 5.975958 -23.806896 2.042929 1.264531
-437.278198 45.492466 71.012245 82.075073 -34.181816 4.966457 -3.271529 -9.038565 -19.037849 -28.648708 -22.615074 -16.824249 -24.167007 0.353811 4.502458
-330.639832 18.063034 3.904448 48.600334 -56.378006 -24.387880 -6.399856 15.024115 -20.259970 -26.656349 -27.988094 -5.398265 8.886923 3.210243 -13.487234
-226.359924 43.412018 18.405102 73.312431 -45.808949 -25.712254 -12.156752 8.957295 -18.511108 -27.951210 -33.608131 -2.965974 2.939329 0.597856 -8.834276
-206.348633 58.390648 18.474785 103.355316 -33.559643 -39.283237 -9.743910 3.113466 -7.943815 -39.761658 -34.032692 0.818373 -2.514024 0.664866 -4.405765
-234.901611 81.043503 -9.047361 130.500275 -18.922249 -79.288437 -5.739487 -18.543627 21.378490 -45.214996 -40.380699 0.047057 -9.545441 15.247854 -5.900650
-242.614441 87.570526 -31.201080 128.549011 -7.505171 -91.163048 -13.994099 -44.599380 25.727222 -32.975021 -38.856304 6.213034 -20.216881 21.599262 -9.817268
-242.955841 105.267090 -38.748611 125.265739 1.055260 -83.884262 -19.890890 -51.528923 24.074734 -17.283495 -34.288788 2.100166 -23.177404 15.195937 -13.398378
-271.489929 125.716469 -35.475998 114.635696 6.458472 -68.699539 -19.155540 -47.357006 17.256817 -16.043194 -28.398277 -7.704376 -22.435612 10.597628 -9.927303
-339.824066 136.553757 -12.981310 86.172745 11.888670 -34.780239 -13.030485 -30.451450 2.893036 -11.712769 -18.480583 -1.162320 -18.976934 8.184587 2.533405
-337.813599 149.471405 -22.650732 62.792816 15.566525 -27.870319 -9.755351 -27.704136 -6.320412 -10.768519 -23.230312 -9.353773 -15.698117 10.581964 9.763018
-323.119110 149.138885 -29.794592 66.742851 10.369410 -33.636089 -1.323223 -28.392143 -11.985044 -11.250570 -22.998528 -8.050631 -13.253708 9.788605 6.353360
-322.831268 145.983368 -17.789469 69.809372 -5.693580 -39.980095 9.008657 -23.831249 -17.571484 -27.192520 -20.619261 -0.218179 -10.655783 13.724083 -5.220247
-337.953583 153.097443 0.627735 59.551285 -11.859835 -33.426708 11.093697 -13.976618 -21.827496 -41.920258 -11.291370 3.824343 -15.687266 12.495831 -18.992077
-394.870361 149.618439 26.044121 41.466583 -10.713463 -22.138990 2.991480 -6.984827 -25.240025 -42.202835 -4.502721 3.414065 -19.275860 8.741698 -18.455170
-368.731049 119.731659 -17.355804 -3.239207 -28.765694 9.648370 -9.903389 -12.219679 -11.210066 -30.059982 5.735237 -31.171074 -2.542767 20.502937 -16.874552
-285.448059 121.699142 -38.330097 3.867845 -31.785168 4.362115 -17.308041 -21.721134 -10.650177 -47.170067 5.719655 -34.416336 -1.751756 9.969693 -15.645765
-245.714294 140.983185 -38.395905 38.844517 -7.561053 -13.606276 -24.820875 -25.324951 -2.081574 -60.289909 -5.804516 -21.983440 -11.687330 2.310230 -5.528897
-239.439972 154.025940 -53.354126 53.409344 13.143943 -41.851547 -13.639465 -43.003677 3.930476 -51.109962 -24.946285 -5.229638 -21.492683 6.150365 -3.293270
-244.507568 150.295822 -62.259918 57.075447 20.480352 -39.886147 -12.019369 -43.697422 4.235561 -39.364071 -29.193867 -1.988095 -18.405945 9.378778 5.723434
-262.656189 145.919800 -66.046585 68.150711 24.192387 -32.804676 -11.641998 -37.518856 0.820739 -24.507259 -23.775837 -1.209348 -18.824810 12.926321 10.401739
-272.151917 154.430939 -67.847267 64.891396 15.810122 -34.068642 -9.886250 -29.341923 -9.151761 -21.669212 -20.340925 -5.053496 -15.104919 12.150911 8.575302
-269.825592 167.605896 -57.440586 44.158218 5.312935 -36.457642 -13.400887 -9.705740 -19.813396 -24.364582 -20.937790 -7.294008 -3.473059 6.779218 5.015321
-249.470123 168.704544 -45.240944 31.914846 -23.680691 -34.998970 -5.093751 10.718122 -30.911991 -22.049505 -24.286144 -2.364444 9.316967 -3.686265 12.523970
-256.072662 167.105392 -28.564493 28.532398 -48.934940 -45.030479 -2.987359 18.309080 -34.141243 -30.892445 -32.575905 -2.263036 16.937519 -1.792439 12.209602
-290.641205 169.919891 -8.875015 23.856911 -56.512283 -58.149582 -12.410086 10.397430 -35.135056 -37.048367 -32.839325 -10.327335 8.034206 -1.249680 15.007608
-367.059143 168.388611 21.002113 11.836519 -48.331913 -67.903839 -24.790733 0.634115 -30.473131 -32.386269 -26.819481 -21.207661 -3.292209 4.499647 10.392718
-475.962189 134.223846 51.702984 -1.695089 -41.731445 -57.832287 -28.989103 -6.392494 -18.737486 -22.401091 -12.710024 -17.546387 -14.024295 8.156696 8.951202
-531.177002 87.696541 46.989807 2.416977 -27.249624 -35.425323 -28.627758 -18.639933 -13.243727 -12.566669 -12.283817 -9.234587 -4.165254 -0.088670 1.041873
