city031_020
TOOKYOO
29
-381.930115 117.472397 15.294132 22.074892 -36.128433 -19.072645 -33.295853 -9.984469 -17.471647 -27.961014 -8.969577 -4.695396 -15.147773 6.635028 -13.278141
-241.911423 152.136108 8.906265 27.058849 -55.363098 -25.374712 -28.044273 -9.987738 -29.105839 -26.291796 -20.819656 -5.031199 -11.865187 14.524944 -13.027599
-198.409485 162.954834 -12.255591 33.488113 -62.836143 -36.557884 -17.818323 -6.858366 -30.500671 -16.071095 -24.335320 -8.367907 -12.347816 7.679909 2.358315
-220.598145 164.396576 -21.807129 36.314411 -60.761955 -53.456413 -7.891244 5.209261 -22.184839 6.411087 -29.546051 -3.047279 -8.545513 -11.029922 23.126518
-254.265823 165.103745 -6.671049 46.556213 -66.270424 -66.280319 -14.317301 14.150681 -14.603697 9.152452 -27.188227 -2.358992 -8.640066 -13.717733 26.949652
-273.232300 172.152191 -3.171313 42.251572 -61.914631 -74.015915 -11.068525 9.583828 -18.277872 3.774333 -17.375414 3.447913 -21.826504 -15.784205 27.037971
-286.041565 174.096054 0.271644 43.235302 -53.217476 -75.965988 -16.608723 2.935993 -12.461092 3.502680 -14.992311 6.916021 -34.336258 -12.820518 27.601940
-294.179840 178.151016 5.067653 33.086227 -44.037399 -65.653099 -21.785896 7.062607 -15.848965 -4.406493 -12.835408 11.584867 -32.328735 -7.757834 26.111355
-292.896667 170.114471 0.964514 23.864582 -44.267956 -57.513889 -15.469981 12.042405 -20.055702 -11.566051 -16.730251 13.122322 -23.966463 -2.538299 20.911697
-288.155762 163.750824 2.343307 29.516993 -52.673805 -53.958828 -12.390182 11.552763 -18.434715 -15.846665 -20.384747 7.037561 -2.846015 6.445459 9.301041
-326.407043 162.911850 13.867527 37.079056 -49.942802 -47.447769 -8.558397 3.716375 -13.628013 -23.241524 -25.308119 2.578803 14.534619 7.566918 -6.363380
-418.913025 156.544983 29.178566 26.550274 -38.466690 -41.540413 5.905988 -1.233490 -11.438961 -23.311733 -22.387581 1.161025 8.247721 0.755129 -17.732140
-381.681000 92.833672 -66.670700 35.227509 -18.776226 -38.799004 -14.663949 9.658188 -6.364585 -51.533657 3.974894 -7.489737 -23.875660 21.186314 -13.781031
-282.153656 108.678314 -66.032059 56.466557 -14.991644 -36.022293 -22.174755 -4.042624 -9.189137 -63.232864 -3.803288 -10.268187 -22.779165 20.973843 -12.866274
-245.394150 139.188400 -57.550377 74.381386 1.581455 -38.912277 -35.962105 -18.483513 6.549194 -54.719543 -11.217415 -9.442892 -22.575846 14.091564 -8.770242
-247.094604 162.721863 -66.864700 59.496021 3.355840 -38.537628 -41.960983 -29.674931 15.285610 -43.907433 -10.114017 8.630379 -30.068951 -3.993046 6.214053
-264.380096 164.024048 -69.455215 38.864418 -11.400713 -49.359261 -23.443930 -29.969555 1.115543 -33.450089 -9.022449 17.037315 -20.834253 -13.239597 7.619095
-283.074005 170.781204 -57.148499 35.462391 -22.777439 -60.995651 -5.605908 -18.603977 -13.362246 -27.870861 -15.909866 16.391958 -10.325226 -11.423006 6.787809
-300.707428 173.529053 -37.298935 36.702904 -33.525658 -60.606300 -9.379504 -2.397969 -13.991756 -20.781750 -18.056429 9.608510 -4.566382 -5.029154 14.842846
-317.427063 169.931213 -12.124724 34.381683 -37.048004 -63.052540 -17.779991 0.768832 -17.225246 -14.061064 -17.979958 2.080840 -6.523872 -8.698330 14.736820
-336.544739 168.514435 4.725699 36.034142 -40.840477 -69.319496 -24.450779 -1.656561 -10.849140 -2.147324 -12.823258 -4.141549 -12.148426 -12.676105 13.110168
-347.629517 171.227570 12.172894 41.950954 -44.725273 -77.315880 -20.212620 0.466967 -13.687346 -0.821343 -15.947886 -4.200959 -6.485770 -13.664013 19.975266
-351.524780 172.471161 15.559818 44.738583 -46.736317 -82.525497 -22.446129 0.296353 -19.374256 5.473081 -13.434704 -15.299402 -4.017762 -12.843697 22.050003
-351.826355 175.561707 17.419552 44.072769 -46.785511 -84.399551 -23.053726 -1.598577 -21.922882 7.691256 -10.974328 -16.954540 -6.437548 -15.688237 19.071775
-357.808075 184.599640 25.285294 41.395256 -44.773289 -94.544724 -37.576164 -4.020990 -18.856134 1.857950 -11.719804 -15.415272 -12.913682 -18.277908 18.358971
-395.923859 182.092743 38.615845 26.276207 -48.198357 -97.985344 -45.306221 -3.964454 -14.834719 -10.145493 -14.889215 -15.575285 -21.368099 -12.824308 17.385761
-483.776825 144.565704 56.815140 6.782238 -57.792549 -83.835106 -40.063721 -11.258439 -15.504457 -11.818680 -8.048481 -18.582382 -22.779636 -0.948994 13.156883
-548.180786 97.706131 50.575241 -2.925715 -40.697044 -52.282902 -42.420044 -25.102980 -13.201549 -10.981203 -13.912786 -14.527475 -9.064191 0.047783 6.983373
-576.883179 65.343254 38.238411 5.603662 -20.771160 -34.010529 -34.458988 -27.724977 -20.252335 -15.495803 -12.934601 -9.966539 -4.809330 1.835063 7.363897
