city031_059
BUNKYOO
25
-506.893707 88.052399 9.285675 46.030563 -38.063091 -15.869493 11.684546 -41.080246 -25.174286 -17.414225 -19.663677 -9.959850 -9.461903 -2.361075 -8.280882
-357.989807 136.254181 -29.167572 58.577717 -30.859375 -14.585180 -10.986597 -45.128716 -19.104864 -27.200884 -11.492828 -11.344763 -12.965054 13.846824 -14.066408
-296.510590 136.844025 -40.284901 58.464493 -24.431709 -18.617237 -4.964148 -45.888374 -8.784691 -32.904770 -13.236303 -5.788775 -18.866169 23.302475 -19.763092
-273.394470 124.052025 -49.719421 43.865086 -14.117876 -26.629471 1.482537 -40.450794 -4.082670 -35.947330 -13.124041 3.476420 -29.575214 24.653870 -29.430513
-266.817535 116.118332 -53.956264 39.603363 -3.673605 -29.016857 -0.490939 -32.079212 -5.711038 -45.439087 -7.178649 -1.329320 -33.719223 27.262661 -38.829029
-287.398804 122.108322 -45.575623 44.898663 2.319407 -25.698265 -1.434333 -26.827185 -12.707208 -47.800560 -1.804928 -11.414705 -26.916143 31.153305 -44.529297
-341.254211 141.413803 -33.200008 51.790699 -1.759118 -22.116028 4.294829 -15.871804 -25.222530 -37.473549 4.918688 -27.851580 -14.009013 36.643517 -34.511070
-386.576660 152.896759 -15.328490 67.130493 -16.365082 -33.774467 18.081945 -5.423719 -32.300041 -25.136337 -4.092489 -31.293461 -4.772062 27.520664 -17.307922
-430.394440 156.582764 13.013797 64.871048 -9.894130 -40.178673 25.047186 -0.248841 -39.826561 -23.663242 -19.304865 -32.551727 -4.178144 17.194698 -8.325714
-478.616852 127.526108 31.572273 65.431229 -9.292212 -24.113152 16.802227 3.552060 -37.371819 -41.709221 -14.322197 -20.504765 -7.770837 -0.643464 -11.905010
-361.703247 65.538315 -30.772678 57.574448 -33.778450 -12.748646 10.678858 -4.326428 -32.193405 -57.882179 4.657982 -7.293756 -7.048399 -13.374317 -18.976444
-258.221130 93.112770 -27.784431 56.919605 -26.297009 -18.406178 -17.836197 -22.858543 -29.035931 -54.077461 -6.816789 -7.639210 -12.486994 -9.525992 -11.472284
-200.321182 119.228867 -37.934639 32.474667 -25.558781 -17.103218 -24.314217 -35.482830 -34.234764 -43.704941 -8.238674 -0.970311 -15.262188 -9.526873 3.634393
-192.519531 136.130280 -42.222778 12.240958 -26.140287 -10.992487 -15.506020 -41.838306 -42.762207 -35.343964 -2.459212 1.025463 -4.139510 -6.417175 12.738891
-233.001175 151.936752 -36.118587 3.312788 -35.675041 -3.684857 -3.470955 -45.656754 -42.938728 -33.679993 -3.641287 4.397459 -1.457267 3.751798 9.985853
-294.307770 177.655045 -33.431061 14.828034 -55.702881 -20.435600 21.521194 -40.930725 -32.126122 -29.675537 -18.475662 7.629670 -9.113119 11.971586 4.002099
-330.642975 187.815125 -13.670813 23.335121 -73.917786 -36.146057 42.908531 -34.752090 -30.686796 -29.440205 -19.185093 5.760458 -17.241663 13.676101 9.949663
-338.460205 193.307190 -1.406696 24.489595 -89.142426 -40.239746 54.164337 -32.445335 -36.051674 -26.901533 -15.154440 6.775691 -18.069366 7.458876 14.655981
-340.720490 199.677490 2.978646 27.207672 -97.487457 -41.281219 50.068840 -34.490055 -34.754532 -25.829144 -18.554005 6.847862 -16.770195 3.896579 10.005142
-343.840637 202.886017 11.655201 26.783073 -107.753265 -38.160843 53.051842 -38.088497 -36.622608 -25.164001 -16.965773 7.842521 -13.168716 6.456256 4.916776
-350.901947 203.704803 22.792831 25.511286 -119.437271 -42.084850 58.054550 -34.168682 -44.219734 -34.185379 -19.749529 3.910473 -9.168925 11.854165 0.272250
-389.851898 188.494690 25.223267 13.450318 -109.240265 -39.691715 48.411659 -33.640175 -49.022911 -32.527763 -18.534275 -4.253653 -7.923676 11.155165 -2.205679
-478.589233 152.771118 29.093594 -10.912313 -80.367188 -34.849709 17.213421 -31.378712 -36.270699 -18.434177 -16.470348 -7.133440 -3.962211 3.597973 -0.484767
-582.624817 93.622932 30.786415 -17.669746 -46.456604 -33.099777 -13.488888 -14.823179 -13.129019 -15.531551 -17.749784 -10.046185 -8.229094 -3.080876 1.087619
-631.074463 50.934402 22.469421 -6.542961 -21.957270 -20.465057 -10.056425 -2.479722 -4.093760 -12.110129 -18.372585 -16.772758 -8.038094 1.544157 5.679845
