city031_078
NYORAI
24
-638.390808 7.534459 6.901301 5.897394 4.595066 3.086658 1.476671 -0.126941 -1.621495 -2.917459 -3.944934 -4.657938 -5.036456 -5.085983 -4.834938
-559.396240 110.526230 87.841774 57.971634 26.598598 0.426555 -17.280746 -26.872311 -28.327435 -23.552443 -16.699162 -11.069048 -8.529287 -8.877179 -10.173999
-438.796509 148.777634 24.665522 74.573006 37.321358 -35.475189 -9.559907 -1.058434 -36.508041 -47.369041 -17.325487 13.789351 -9.798336 -26.387686 3.069224
-314.175232 157.401337 -43.953674 46.173599 25.450676 -28.279667 6.255686 -25.255291 -32.464733 -35.036758 -13.603901 18.574314 -32.391838 -6.940311 16.584749
-267.863007 162.395248 -58.996780 13.677002 4.403735 -29.359125 11.582838 -33.345993 -33.254883 -32.144485 -2.400850 27.879665 -34.731506 -0.875530 8.613899
-281.995667 181.281616 -48.361195 -6.777463 -22.430937 -35.004555 17.499134 -27.493805 -47.174858 -31.484358 -0.000482 22.288170 -30.794121 -3.221714 9.469460
-319.573547 202.959290 -32.076347 -1.701217 -43.429169 -52.466518 35.218788 -13.825981 -71.886406 -26.405998 6.858932 11.746483 -18.361305 -14.521511 15.936229
-323.220734 199.370972 -37.474854 7.453677 -29.581257 -65.724335 27.450359 -6.782219 -69.840393 -26.138939 7.343099 14.497723 -7.535001 -24.234352 -0.144632
-316.427460 200.271210 -52.107704 3.541774 -9.605146 -56.521202 19.002144 -5.432837 -66.359047 -30.302677 10.260242 25.890503 -8.451311 -41.251446 -4.632158
-306.422485 204.575592 -39.965698 -19.478683 -14.772293 -43.483955 2.016257 -8.092825 -60.669853 -39.996483 12.339888 34.526360 -24.343872 -31.353323 -11.391979
-273.635803 173.060211 -34.814892 -11.277086 -42.925743 -41.089066 16.300449 -18.142782 -56.441177 -41.321953 11.803821 44.625816 -47.978928 -13.523970 -16.838528
-257.351349 153.946182 -42.974998 1.163929 -56.812813 -43.054520 33.095757 -26.951651 -53.686115 -29.032602 12.189907 44.699039 -52.850018 -13.909547 -18.804142
-253.474411 142.875519 -50.997414 11.364224 -59.858093 -39.941650 34.300041 -39.844177 -59.785919 -20.724480 13.304424 47.691765 -60.176952 -15.872135 -11.674435
-242.817566 141.680878 -61.913868 16.282166 -57.131050 -38.008072 29.283369 -39.997200 -51.769867 -18.209675 1.591744 52.274677 -59.221954 -12.708083 -9.055806
-228.117996 145.441711 -71.015968 26.828909 -48.058449 -34.058044 9.669050 -37.513954 -23.722317 -24.648176 -2.561193 41.065487 -49.718880 -2.293444 -14.172899
-234.587463 136.364990 -64.740959 46.581856 -39.499149 -36.210335 -3.298385 -37.769928 -1.640806 -31.728706 1.425755 27.769722 -40.768852 0.171181 -14.714496
-247.771378 123.157425 -57.272827 71.138870 -30.024712 -41.635719 -9.627757 -36.694618 -1.509828 -42.451576 4.050905 21.077885 -27.479607 2.676875 -15.918760
-267.067535 110.773483 -45.731995 92.568413 -21.661270 -39.580482 -8.505141 -33.997658 -3.959369 -46.327332 -1.231331 17.135429 -24.305401 7.450730 -14.386422
-299.236755 103.920898 -35.046371 103.508453 -20.927856 -31.480612 -0.304412 -31.034235 -8.407070 -45.798286 -6.358401 15.357781 -31.538670 4.559913 -16.037245
-333.276428 115.071121 -17.258602 108.251266 -21.017433 -35.021034 1.686679 -31.956955 -19.414330 -53.228134 -6.921465 16.548714 -35.122612 1.345262 -12.222724
-395.489655 114.531311 9.696554 105.623154 -22.394604 -43.093761 -5.719190 -20.859406 -23.634377 -57.768890 -3.748547 11.733501 -28.105597 1.519983 -9.428616
-498.236908 96.763130 42.604431 73.675720 -9.586748 -39.699532 -11.945824 -7.716597 -24.304726 -41.522514 -1.003739 -2.909546 -26.864376 3.751046 -3.487019
-586.324524 64.028076 44.385208 32.127548 5.429852 -15.848226 -19.507565 -17.375591 -20.293072 -20.833797 -10.697265 -12.471046 -19.199688 -10.219059 -5.896752
-616.215393 36.768280 30.213703 20.740463 10.107191 0.082074 -7.972597 -13.352097 -16.038143 -16.526670 -15.542152 -13.754771 -11.599312 -9.242039 -6.677299
