city031_077
NYUUZEN
22
-543.163696 64.386185 65.572433 59.571983 1.032588 -14.499681 -23.734762 -34.526390 -32.608944 -27.666508 -16.210957 -6.609138 -17.789680 -5.375866 -6.074021
-442.408234 100.645157 68.636353 85.823593 -12.356295 -27.356983 -14.123301 -43.995518 -34.562767 -10.015676 -4.631041 -12.453432 -26.782419 7.441607 -7.176779
-359.860535 127.850891 19.446033 96.000702 -10.073071 -43.377609 -0.320013 -20.452351 -32.672657 -22.986885 1.297866 -3.097862 -28.281300 16.526630 0.772081
-320.632172 149.904037 -30.321163 92.937187 1.960023 -51.080338 -1.786442 -10.180655 -19.805271 -33.563000 -1.970645 10.111966 -17.804165 13.029972 3.506990
-300.052612 159.767487 -60.739727 76.818069 20.987947 -40.199829 -9.422229 -19.898521 -12.153807 -38.863419 -12.120743 18.028818 -22.712662 7.585149 10.153597
-295.079590 156.549530 -65.076492 75.716423 29.214619 -32.319290 -14.528097 -43.226814 -8.758190 -35.352386 -17.791683 21.538719 -12.991219 7.489721 10.584333
-280.827179 162.219757 -61.372993 74.367813 24.703180 -31.939148 -20.175690 -66.333740 -16.821884 -20.818733 -14.376634 17.111897 -11.681997 14.293601 -0.313830
-276.338654 168.726440 -66.577545 65.317505 26.426422 -34.373398 -32.675201 -70.702148 -27.824778 -22.915031 -8.868044 14.332001 -10.256283 26.578585 -9.820517
-294.747833 169.616913 -64.254463 51.434044 19.447691 -31.060478 -41.829948 -63.045761 -27.170799 -26.330170 -0.720763 -0.644715 -14.309766 35.360756 -20.531645
-310.883057 164.037811 -43.915237 49.614906 23.138859 -26.570683 -41.817703 -51.140709 -22.321018 -20.601601 3.053322 -10.930902 -20.851826 48.720547 -23.480461
-274.010529 130.594940 -12.954902 30.770447 -2.538345 -15.048870 -27.560135 -30.345083 -21.990471 -7.839387 -26.188904 -17.544117 -15.662547 20.297337 -9.706955
-275.311798 105.713821 9.393010 5.328252 -3.495780 -8.596470 -23.560825 -21.343533 -20.056747 0.071850 -39.877716 -11.694540 -10.548597 9.882996 -15.151093
-312.179749 72.482941 28.750076 10.195272 22.516609 -11.448381 -38.234200 -13.787024 -14.906948 -0.433506 -30.318016 -6.331115 -2.843494 16.685736 -26.957924
-299.312195 68.710999 13.004664 35.731834 27.008976 -30.727266 -49.750721 -17.028086 -15.245260 -3.719726 -18.971085 -3.921385 -17.001247 13.791650 -41.426735
-282.251801 101.311188 -21.742359 39.306648 11.126749 -47.276562 -48.210323 -27.364155 -14.269056 -11.184628 -22.106943 1.906349 -22.911503 26.009937 -48.096985
-299.191437 126.360680 -36.800014 41.579681 0.933678 -44.306114 -48.063484 -27.133472 -10.009817 -13.905442 -22.205931 3.680716 -19.554314 31.316608 -46.452232
-319.519287 130.345184 -44.698296 44.057262 6.942286 -36.873806 -49.232853 -24.854132 -7.520392 -12.610137 -18.037333 0.485814 -14.769903 16.881388 -28.200905
-339.332520 144.021027 -45.052605 39.245316 20.694210 -37.402664 -44.607719 -18.200319 -10.363862 -5.782297 -19.314650 -11.395661 -16.030331 7.407533 -8.160719
-377.020477 158.389343 -35.233322 29.029499 40.489590 -37.785320 -43.735485 -10.749302 -20.610363 -14.485865 -15.474203 -26.163864 -25.843815 -0.149662 -1.848271
-427.517609 147.886200 -19.491919 27.494085 47.798889 -35.193542 -50.840820 -18.739059 -22.369881 -20.789936 -9.377380 -24.142017 -29.433949 -2.674916 3.695428
-497.686981 106.914124 5.966053 36.771309 39.926163 -29.371353 -49.831512 -26.113098 -18.966461 -14.395282 -7.773061 -16.414780 -21.225185 -6.480951 -1.501918
-592.945435 48.591682 23.697067 18.115185 9.324858 -13.420963 -24.980526 -18.761852 -12.288832 -9.788522 -8.184008 -10.246593 -12.162351 -10.148996 -10.912046
