city031_074
CHUUBU
21
-573.980774 -42.248978 -5.129395 53.333771 -20.210102 -5.486018 18.014927 -5.612888 -11.920736 2.215116 -12.558229 -3.485914 -11.110050 -9.559172 -5.509275
-455.341400 -82.945023 -3.779590 87.982208 -19.738161 -45.812355 -15.151514 -8.542058 -22.481663 -3.870826 -20.913166 5.400305 3.407697 -9.828865 -15.789121
-353.191681 -37.927616 19.017250 99.955399 -18.162243 -59.325108 -33.255573 -13.362645 -23.617102 -13.756971 -37.050617 -11.779949 1.815314 -5.252885 -21.965635
-271.715454 55.733822 18.528008 77.666344 -8.511558 -39.895176 -31.962391 -18.427250 -26.509010 -18.813488 -39.917095 -23.075621 -2.477846 8.426603 -13.563486
-262.156311 123.174576 -11.387020 50.473549 9.142788 -34.432091 -37.674835 -19.019760 -14.992924 -20.759209 -34.172642 -21.316084 -6.930060 9.124191 -6.721861
-277.609741 156.562531 -49.675812 45.710358 9.355359 -44.731270 -37.470375 -22.266014 -5.704852 -16.053192 -26.184721 -12.749022 -8.546638 6.351464 0.512680
-288.865295 176.025696 -66.756554 44.120636 15.380562 -55.241440 -43.169399 -14.597846 -5.496266 -12.030302 -22.560823 -14.748667 -10.426098 6.540998 6.202845
-289.578247 181.590790 -73.294952 46.257156 24.711071 -54.592461 -41.760979 -18.977203 -3.552943 -7.403193 -16.672314 -16.545002 -16.049425 9.992578 9.368595
-291.186157 178.706360 -75.738281 38.643810 18.505680 -47.405064 -42.662880 -27.076077 -11.096033 -14.249712 -15.565359 -16.160124 -12.123648 7.586565 5.772115
-306.337463 175.927261 -59.568146 33.885330 14.908268 -39.592506 -43.120506 -26.618938 -17.143379 -19.146616 -21.038044 -10.172115 -4.647390 4.645470 3.080556
-319.968933 180.538681 -44.667419 31.632092 9.883865 -32.968452 -33.910168 -33.114040 -20.602047 -16.172882 -13.714975 -3.782959 -5.987704 8.501089 1.616791
-343.682404 180.829224 -30.257156 35.175385 9.891735 -35.648598 -34.588825 -41.517731 -22.580494 -20.636211 -9.064293 -8.561322 -23.754627 12.860815 2.860679
-396.248535 166.163483 -4.343890 34.663700 17.049028 -26.472534 -35.358223 -38.663448 -22.428511 -18.925327 -8.934330 -15.924543 -26.408283 13.110761 -0.260207
-438.875214 152.262695 6.403716 26.058327 19.204071 -26.683210 -21.418316 -12.789289 -24.577946 -21.169853 -11.230907 -24.973005 -19.548826 10.526306 -6.580261
-388.511627 166.627655 -24.175278 24.199835 25.051228 -30.836866 -26.344984 -16.180035 -24.855003 -16.223919 -1.971255 -18.442429 -19.265240 15.241419 4.590215
-337.553314 174.615417 -49.080154 28.931274 18.267231 -31.184769 -23.305271 -28.402496 -25.037525 -14.003413 -7.871840 -13.407388 -21.828987 15.971458 13.416738
-318.519226 181.801941 -56.595467 24.833454 11.716888 -32.463875 -18.464951 -30.843922 -26.775051 -13.712490 -14.672613 -16.417177 -28.748669 9.210987 8.939714
-339.108551 177.258698 -47.678497 21.755375 13.016501 -33.914310 -21.225506 -24.618145 -27.500980 -17.145962 -13.671943 -23.305849 -33.782608 6.671021 5.653488
-399.720154 157.139511 -30.640358 12.433893 12.590746 -37.964550 -32.571331 -24.724171 -28.408253 -18.948940 -6.668008 -27.864616 -31.499313 11.259857 5.177294
-508.626648 103.645157 0.105543 1.576708 3.490874 -25.034618 -33.110786 -35.865211 -31.869394 -7.113230 -4.855957 -27.376995 -16.714636 8.644163 2.362662
-587.507568 61.556244 30.286556 9.557556 0.769801 -10.526773 -24.928122 -27.863800 -14.820654 -1.304763 -1.938511 -9.807367 -8.006241 3.379585 7.892702
