city031_069
KYOOBASHI
25
-491.911346 44.687035 -67.623444 10.838787 15.770657 -36.989754 -26.470993 -22.845531 -19.890133 -5.465872 -13.851244 -8.342922 5.437146 1.434152 4.859725
-360.244598 45.447090 -67.794449 60.882721 -15.708807 -53.114288 -38.239384 -18.665691 -20.218975 -20.482859 -17.188221 -15.959102 -13.021479 4.500951 -6.460161
-285.745392 56.770622 -54.529755 65.717728 -7.712680 -51.177940 -41.956116 -11.178481 -17.896076 -24.305176 -15.868668 -12.307108 -14.787714 6.925182 -8.851612
-233.587524 141.324158 -44.175037 36.940601 -14.115698 -38.756214 -32.532475 -7.587471 -22.537037 -26.567104 -10.130523 -4.954968 -15.145003 8.050800 -2.045123
-259.970490 196.492249 -48.681881 19.689724 -21.687634 -38.601837 -12.433472 -12.104897 -21.438278 -32.426682 -13.359748 0.410568 -13.515476 1.508011 14.477745
-295.163605 207.173859 -33.465862 8.303610 -25.643410 -48.815155 5.789389 -5.240807 -19.025661 -22.793243 -20.217546 1.535408 -16.208376 -7.713506 12.413319
-323.477875 211.752502 -7.159791 0.677231 -25.839039 -54.314240 -5.586679 -0.325494 -20.113026 -17.370304 -11.597433 -7.227902 -19.581936 -5.132402 4.760397
-328.132629 208.640869 2.140011 8.182023 -31.629725 -67.963882 -20.811617 0.921076 -12.059038 -10.262280 -16.022017 -14.817390 -17.740288 0.632803 6.968137
-335.485382 201.783951 15.810029 23.825792 -40.420525 -85.538330 -29.928244 5.753627 -0.493587 -11.073942 -33.118370 -21.146828 -16.253267 1.215754 4.662354
-356.950012 192.497360 26.076750 29.961147 -37.229465 -74.190643 -26.097149 8.749014 5.061419 -25.279564 -34.066963 -17.850006 -13.495658 5.666143 -2.871062
-324.473663 170.263336 -18.001577 28.982466 -30.833958 -51.119461 -23.079144 6.421910 0.932395 -34.802822 -13.974459 -10.609457 -7.709891 8.882023 -14.596528
-282.314392 181.258896 -31.636021 13.617470 -52.381882 -47.375805 -13.412394 0.807108 -5.587751 -30.411442 -6.181732 4.472611 -9.843998 10.614367 -11.938508
-256.801849 180.373596 -44.831810 -11.132793 -47.801392 -45.904682 -10.829723 -3.278443 -19.708313 -15.613891 -7.689254 17.567297 -31.150459 19.315548 -8.801715
-249.869324 161.287659 -51.390434 -14.455765 -37.051987 -32.230999 -25.673574 -4.307912 -19.791180 -14.735960 -0.620196 13.898317 -40.316490 24.088390 -17.919615
-226.268814 87.886124 -6.951930 -9.592549 -37.486485 -6.567424 -47.191391 6.241676 -11.699615 -17.920589 3.949419 0.996045 -31.082432 19.354073 -16.923117
-247.919083 -5.538657 21.692863 16.058226 -38.989998 6.585919 -37.276489 11.756049 -3.355743 -17.949738 0.371358 7.240088 -23.154892 8.955384 -20.262146
-301.354828 -67.567467 26.490320 28.430851 -44.432434 4.811552 -35.748611 0.478747 -14.023691 -23.503286 -8.667072 5.804560 -13.412077 4.490333 -24.876488
-346.093201 -102.282043 9.980337 43.502899 -49.010387 -13.342253 -37.883598 2.013481 -12.401975 -14.969595 -6.781281 16.772392 -9.890453 -1.068592 -22.334019
-308.707275 -19.289486 60.237053 95.796295 -25.547712 -24.119446 -44.123795 -1.163359 -25.738441 -39.483429 -30.948704 2.150872 -25.526766 -8.762016 -18.882526
-296.275787 48.644878 43.861885 96.263359 -20.948303 -40.136475 -40.932693 8.642559 -19.122269 -46.650246 -31.005739 0.940821 -27.821007 -5.643107 -13.253814
-312.347626 87.418556 6.110489 104.341965 -27.949419 -49.892899 -25.522717 4.950593 -11.491298 -50.433250 -18.067772 -2.062342 -23.015396 -8.761928 -8.676939
-355.834900 104.507935 -6.241370 114.990005 -27.871815 -60.205944 -13.134838 -7.782331 -8.786148 -53.101120 -14.360798 -4.017412 -29.616529 -8.767980 -7.312691
-430.214813 88.360626 17.403385 100.962509 -19.513124 -62.155037 -15.052634 -9.383568 -19.968292 -45.956169 -14.935580 -7.467087 -28.440090 -10.366287 -1.258380
-540.114014 53.830524 21.993935 49.129215 1.446492 -36.941841 -16.940788 -14.102831 -28.285933 -27.910065 -14.770348 -12.769850 -18.105904 -10.792160 -0.934709
-596.940735 29.007832 21.871700 16.682644 7.511642 -4.862000 -11.539387 -13.818182 -17.963890 -19.448315 -14.254750 -9.716158 -8.789592 -5.121089 0.079887
