city031_036
YAESU
25
-414.525604 111.571121 -9.430859 74.559540 -14.245005 -81.015999 -34.888790 5.664557 -18.181583 -41.344212 -12.994379 -18.651724 -4.355981 1.609276 -17.880939
-257.924103 165.362137 -66.440536 63.204048 -24.357630 -48.807472 -34.531433 -20.434364 -1.904500 -28.518126 -3.496125 -17.553310 -8.325039 9.253836 -11.468750
-206.581345 182.223557 -89.940948 47.290874 -35.866295 -35.900749 -28.957138 -26.348171 3.526381 -22.088337 8.449150 -12.928247 -18.220301 4.096948 -6.403192
-211.752396 182.784378 -98.150040 28.962719 -43.406544 -31.769470 -16.461941 -21.071024 1.867930 -19.770121 17.141153 -6.882923 -30.308107 -0.445539 -3.682728
-222.107437 180.584778 -96.275398 23.772932 -49.892178 -38.876015 -14.136136 -21.127605 -2.464183 -18.511152 18.618248 -3.249735 -33.884315 -2.036854 -1.250076
-209.236206 164.732834 -97.354454 45.827667 -43.985413 -39.826653 -24.152235 -19.564392 6.380005 -16.573212 15.601472 -12.167392 -13.008883 4.178755 -7.475230
-202.814392 149.003540 -83.940338 75.801559 -39.732880 -54.938377 -25.756725 -24.435242 6.344803 -24.298748 0.374558 -20.347008 7.392529 -0.693129 -9.146622
-198.358810 138.257629 -65.228577 83.104996 -46.782127 -63.371563 -21.842251 -32.815376 -1.880930 -37.107361 -5.331387 -16.983763 7.168345 -8.528570 -5.254000
-192.578568 135.718933 -56.329021 89.475899 -45.866669 -73.873062 -11.714354 -36.278042 -3.598630 -48.126629 -7.785543 -10.009304 -5.073498 -6.210385 -3.261304
-181.813965 120.560165 -52.253807 94.730347 -21.930473 -77.449493 1.355128 -39.863853 5.324151 -45.973831 -16.121820 -4.185867 -15.985199 6.150744 -17.943790
-181.620636 104.737198 -44.060585 85.669586 -15.724240 -78.316620 4.153849 -29.460316 10.586046 -41.398590 -18.010954 -0.682771 -16.549471 8.508064 -32.453266
-167.802063 77.050873 -17.433350 59.320564 -18.210226 -50.303085 -25.653870 1.095659 -21.771780 -25.279919 -24.024336 -0.274784 -0.948057 -1.407468 -22.295374
-196.703262 36.506912 27.723450 32.979134 -9.113016 -34.164001 -33.279167 11.150793 -33.651020 -16.898243 -32.393475 3.887621 -0.543024 -8.080706 -24.296400
-257.359039 -21.197796 44.607819 24.321140 -20.311905 -29.866436 -21.676155 19.428736 -34.493484 -13.127254 -29.469772 -3.580429 -3.993341 -9.169808 -13.314909
-277.503479 -52.639206 22.101406 6.234081 -23.049072 -25.169617 -21.930141 19.159393 -31.574526 -16.469725 -23.643661 -8.556005 -0.989788 -12.653222 -8.249668
-266.137451 -63.416374 -0.390673 3.140209 -32.058559 -19.604616 -21.068211 11.298208 -28.402294 -12.032887 -18.287783 -8.371927 7.236291 -12.210045 -10.141290
-228.178406 1.564974 35.014221 35.486500 -20.690926 -15.366643 -29.373363 -1.436927 -35.299431 -18.121021 -27.522305 -18.085531 0.348336 -12.445282 -14.101151
-222.696899 55.243919 31.417374 43.905365 -18.442894 -17.961624 -32.265789 -2.601172 -34.207306 -12.965202 -24.457466 -23.396751 -1.384365 -1.306651 -23.838963
-233.839783 72.082397 2.577549 61.239628 -21.773457 -15.115372 -26.296158 -16.695576 -24.822590 -9.588763 -18.623833 -24.544636 -4.221293 6.948361 -28.958504
-249.023529 96.562386 -24.544888 70.839294 -29.498924 -22.896210 -15.382469 -41.750500 -3.549451 -9.696526 -8.010508 -27.537663 -5.592543 15.382395 -34.481277
-258.396637 133.118927 -30.902161 68.332222 -37.999817 -33.873119 -9.644413 -55.295639 -3.554978 -24.043709 -10.438167 -29.702511 -10.837315 27.887241 -33.676979
-300.009521 140.493698 -29.598162 57.035995 -41.908207 -31.694405 -21.362438 -49.643818 -15.415699 -34.504112 -9.237309 -34.261185 -13.994940 26.361313 -26.536568
-397.606049 112.555893 -15.620442 40.722107 -38.053829 -22.857895 -26.889755 -42.716789 -30.145910 -40.783516 -4.822606 -34.961884 -16.973118 24.830238 -23.581306
-516.974609 77.274429 18.047722 24.149876 -26.119514 -22.748768 -22.817623 -30.334127 -25.238384 -23.599426 -1.470705 -22.011978 -12.669476 11.597977 -20.507694
-588.704224 59.042152 42.324562 25.212433 0.010198 -15.957026 -22.781307 -26.512264 -24.299091 -15.482430 -9.734943 -10.924862 -4.409339 -1.745153 -7.079775
