city031_080
HYUUGA
21
-430.042206 22.464390 0.937989 74.221191 -13.615355 -33.549454 -16.944122 2.098694 -29.616554 -17.979439 -17.028469 -2.804078 -8.892078 -19.972359 2.121636
-336.669617 90.181770 -1.346901 98.831497 13.317518 -38.202633 -21.286728 -5.811723 -40.327179 -36.636742 -21.506695 4.961790 -6.695810 -15.447899 -2.318206
-297.303925 126.336235 -37.372131 103.344101 21.305006 -41.434952 -6.762989 -24.047905 -33.936913 -37.453804 -26.239473 13.423495 -15.239056 -8.676630 -2.362793
-311.566254 135.693176 -53.526375 100.361267 19.288008 -40.046036 -1.673587 -35.017540 -27.707706 -37.600830 -24.536484 16.798820 -19.251701 -2.115387 0.897553
-325.541687 135.829376 -53.070190 93.753380 18.990658 -29.121513 -10.248681 -40.373184 -33.180962 -44.954292 -16.360949 12.632693 -13.067025 1.245347 5.482626
-319.076996 143.173523 -58.799461 80.709465 16.838755 -18.529493 -12.470930 -40.018307 -29.509127 -50.539356 -18.149891 13.081967 -15.731122 -0.087460 10.764164
-314.411041 158.900055 -58.274429 57.918182 7.241328 -17.653034 -21.796047 -44.235558 -20.268360 -49.697151 -17.040337 21.090397 -28.323456 -11.653053 15.934031
-315.939148 172.787750 -52.034641 35.848923 1.134285 -13.281384 -30.248631 -43.806923 -11.563911 -49.569702 -15.960908 22.137947 -39.122490 -17.580202 23.401089
-322.209564 178.510559 -44.871811 35.873371 3.254009 -17.101048 -30.523922 -41.911282 -22.819378 -51.529655 -9.711290 17.599743 -42.749962 -17.400583 25.304913
-350.963593 175.708435 -37.224136 27.609802 15.857823 -14.104533 -28.656372 -34.176128 -33.487206 -49.549362 -1.994743 12.507126 -37.185959 -9.008304 27.594929
-398.143738 172.067123 -15.489296 26.466011 37.765320 -11.736822 -25.640543 -22.386093 -46.804382 -43.700775 5.257056 5.767998 -26.328739 -3.429535 31.860754
-431.371765 170.259750 2.654248 20.412560 41.196762 -4.298780 -15.160624 -17.138828 -55.064316 -45.527740 10.802305 5.726924 -28.000795 -0.175553 25.183475
-402.513184 183.897217 -0.692133 -6.295692 12.377242 8.821452 -6.591519 -19.278099 -67.186356 -36.338295 33.020309 3.907554 -18.387188 -17.978516 -1.109563
-326.893036 184.274261 -27.188805 13.795436 -27.756575 -1.640934 1.942385 -33.732758 -60.107693 -42.199261 31.427284 15.625973 -16.674393 -10.338129 0.026104
-303.689331 183.858688 -37.639378 20.859688 -58.747765 -19.260677 21.859390 -28.464378 -45.102554 -45.462112 25.753174 31.998642 -23.915556 -4.594036 7.952884
-310.895355 188.497360 -33.869862 15.911370 -77.857941 -38.182632 36.079559 -20.663561 -34.757843 -40.781044 17.762531 44.898102 -26.771591 -8.667447 8.861351
-314.423462 200.742722 -29.081060 4.783268 -80.793571 -51.023369 34.788651 -11.005243 -36.190025 -40.935734 13.461718 48.842270 -21.953915 -22.892277 0.636722
-351.135437 198.405243 -17.699406 -9.672412 -71.988022 -57.649300 23.572832 -2.327125 -44.484970 -44.899437 15.733011 44.967552 -18.001019 -27.471661 -9.386114
-439.585358 160.173248 -4.410489 -26.264025 -56.356041 -50.942291 10.612055 1.099581 -51.186401 -42.559612 18.959415 33.541611 -11.123604 -24.321491 -20.385939
-533.972717 110.350250 13.162146 -36.709473 -42.469269 -17.212893 8.742166 -9.477981 -38.015312 -22.839241 7.534306 11.996475 -0.246228 -14.145163 -23.243366
-596.692261 60.401264 19.608562 -14.471137 -25.028229 -16.635767 -7.196638 -7.873323 -12.260015 -9.940651 -1.102715 5.379270 1.275107 -11.188974 -19.717550
