city031_023
NUMABUKURO
29
-526.753906 96.145187 76.917511 52.556988 24.199528 -1.066790 -15.817373 -22.875717 -24.879654 -20.068323 -13.375547 -10.822590 -9.425097 -7.704249 -9.126719
-410.881165 140.894684 44.068428 77.375427 19.934826 -32.686378 -14.641942 -1.350043 -8.074454 -22.096844 -17.527386 -20.382130 -17.634983 11.928537 -3.963802
-299.105438 133.059357 -12.066620 87.847748 9.441824 -30.771969 -13.125736 -14.113743 2.315580 -16.396599 -27.423437 -7.335387 -19.610903 8.637320 0.800933
-237.295212 125.558029 -37.979885 73.853355 14.930787 -49.653202 -8.669336 -28.667479 -0.186968 -7.655373 -36.242271 3.920989 -19.571909 11.611526 2.654451
-235.399826 128.802856 -54.565109 57.717117 21.131092 -58.885513 -2.201770 -40.824417 -11.049644 -1.218079 -37.475159 13.390606 -20.074606 4.977888 4.292242
-248.065094 134.013977 -53.104111 54.755112 11.043294 -37.425442 -6.951851 -29.901009 -15.467451 -12.061951 -22.914101 4.123580 -15.036416 -4.515588 -0.116698
-240.990005 174.036530 -45.532814 39.080292 -22.495972 -31.806705 -14.976460 -10.497627 -16.606152 -27.597439 -10.012250 1.446515 -6.296142 -4.114226 4.169974
-219.795013 195.070343 -63.046875 7.693890 -28.420763 -24.797968 -14.771507 -2.942156 -14.629276 -30.380787 0.757460 6.697580 -5.805513 -2.453394 7.716278
-206.955597 194.879669 -74.410477 -9.381064 -30.459703 -27.159731 -16.058958 6.844532 -26.018057 -17.540077 4.096389 5.524055 -2.589342 -11.760220 10.161407
-192.983566 185.683472 -72.421577 3.618035 -31.933159 -24.885941 -7.806858 2.283593 -36.080269 -3.331433 -2.072965 7.278599 -6.011843 -19.524765 11.298983
-197.228531 185.783432 -59.276878 20.532879 -21.905218 -21.002199 -0.981400 -4.346952 -36.247391 3.188331 -12.933323 2.996589 -15.546128 -22.829960 9.977730
-238.977966 186.850342 -37.441986 29.472576 -6.981670 -20.105843 2.975062 -6.126690 -30.878670 1.434622 -14.369600 -0.224015 -19.236561 -14.645975 10.998292
-263.703674 148.903015 -26.171368 49.187325 3.349752 -16.479460 -3.356579 -6.152950 -35.920414 -1.905126 -20.925816 0.210606 -0.705202 -15.022492 18.294361
-248.526993 128.168335 -25.712364 57.076366 8.235775 -20.693245 -14.256702 -15.775276 -42.221619 -3.969120 -18.552280 -1.889825 5.256294 -16.431784 17.993835
-262.890411 135.048462 -20.360039 56.159721 9.862890 -26.009163 -18.869389 -14.669829 -38.402008 -8.583483 -11.353052 -12.635008 -8.405998 -15.438248 13.618145
-339.058960 149.170074 -3.222947 47.672165 15.331594 -28.355967 -15.984600 -14.246014 -26.771095 -17.485455 -5.213771 -12.697728 -19.971048 -0.549995 4.249666
-313.754669 117.235962 -59.665009 30.165922 12.101568 3.426759 -35.270893 -10.609463 11.548376 -23.909767 -6.131769 -22.240608 -10.122449 4.868428 -9.063084
-226.156342 126.469788 -66.683075 35.195816 3.800864 -12.565725 -50.911987 -22.673811 11.739104 -41.521103 -5.907258 -23.098932 -4.837168 -4.610336 -4.597496
-199.705307 151.823029 -61.631935 54.362785 12.833029 -23.320263 -60.371513 -30.680824 18.630711 -51.970139 -16.508081 -2.622309 -0.109484 -9.645041 -3.039406
-207.503387 171.246918 -73.160126 48.608330 12.762104 -15.383600 -69.765366 -34.070122 14.469265 -50.846542 -26.908428 15.351553 -5.136715 -8.618619 10.590801
-216.285110 168.752274 -82.314011 38.063705 8.610850 -25.912594 -57.483147 -28.484612 -4.715844 -31.383942 -24.297075 0.422339 -4.731401 -6.311350 18.799377
-236.471710 176.814697 -85.849785 30.600739 10.732082 -42.670536 -36.164734 -31.204559 -17.939209 -16.450218 -24.860479 -3.993353 -7.266152 -7.211344 19.158531
-262.813995 193.703308 -68.905563 18.531425 14.180708 -50.324455 -21.535698 -18.726055 -27.489120 -18.018204 -18.258450 -3.283463 -4.338677 -4.003494 5.262032
-283.204041 203.730957 -41.653324 -3.034528 9.142504 -55.490387 -21.748316 16.299446 -38.842010 -21.231922 -8.688128 -7.692340 -1.572246 -1.259111 3.126903
-294.844971 203.249176 -28.307934 -21.850075 -10.305830 -64.253220 -31.639811 41.011513 -33.818237 -31.373995 -4.671202 -8.682703 -1.749017 0.651466 4.125153
-309.097412 205.147247 -13.403994 -27.840719 -25.854530 -72.893219 -45.258354 33.877609 -27.438877 -30.550110 -6.754843 -14.122122 -3.746337 1.915632 9.412701
-364.954956 188.573105 8.447571 -30.635887 -39.641319 -73.295876 -44.506618 18.389248 -17.036182 -31.965530 -14.378139 -12.964695 -10.216640 4.667975 11.222631
-469.175446 134.597198 37.114586 -30.622715 -59.019531 -53.038616 -20.683155 -4.759745 -21.013100 -28.138813 -12.847311 -3.352666 -0.320814 5.932629 0.427328
-528.022522 82.526512 35.544975 -9.880732 -32.746346 -32.851845 -24.489769 -19.886806 -19.725090 -17.742844 -10.956152 -3.227032 0.225650 -0.810948 -2.020013
