city031_089
GYUUBA
21
-548.300903 38.319324 35.580521 53.129356 -2.570516 -18.112762 -28.465809 -19.596466 -17.068089 -21.725639 -7.720320 -18.918480 -16.054661 -0.250018 -14.178289
-417.145477 51.925476 30.201710 88.202713 16.844467 -37.479721 -37.956802 -5.533542 -12.445408 -32.971760 -8.164013 -9.040946 -21.977409 -3.933753 -10.111560
-348.605194 86.101357 4.254869 89.690659 28.689590 -41.055183 -50.522949 -6.044424 -8.718455 -44.454041 -9.251400 7.115931 -17.520306 0.646085 -6.567393
-329.449768 125.050011 -26.370342 74.558151 36.309128 -32.734428 -61.565540 -13.506073 4.623430 -61.367023 -15.953814 16.734854 -20.471840 6.961209 -0.116771
-329.631897 158.077988 -39.693802 64.530487 44.013832 -15.102066 -66.623428 -25.600544 14.119364 -72.649689 -21.050438 17.820604 -32.708405 7.820304 9.067436
-323.162628 175.122238 -47.943535 53.863518 46.365074 -6.693553 -65.106979 -32.890877 19.488049 -61.089363 -21.233875 17.150419 -37.929184 7.165150 11.718059
-328.723755 185.272491 -55.335258 35.616932 49.218987 -9.576299 -62.216293 -34.155136 10.670687 -52.720970 -21.660641 16.544090 -38.661980 2.239840 12.953220
-346.714264 186.707932 -57.177216 16.823185 49.060104 -18.515078 -63.367210 -31.357784 -3.262904 -44.378395 -12.519640 10.532352 -38.109993 -3.441883 11.565832
-371.633636 185.591064 -46.004829 13.096923 51.492142 -29.564022 -64.376839 -28.982512 -14.710176 -24.592720 0.002446 -5.409863 -33.763969 -0.009642 6.334759
-368.417084 186.748306 -39.840961 18.448318 50.577141 -29.329260 -53.961796 -28.594091 -19.347746 -19.274012 6.253597 -11.662120 -27.651093 10.407618 2.973173
-352.605255 191.671631 -42.599091 16.945810 45.234306 -25.385792 -46.968834 -33.645767 -22.255249 -24.934523 11.050537 -2.665060 -26.913723 15.356336 3.143325
-368.802795 190.309387 -30.346718 16.738995 39.219326 -18.686066 -41.665947 -29.826920 -21.886751 -28.869747 6.291965 -0.134788 -32.571846 5.901193 0.135598
-398.433655 195.277161 -8.001772 -4.554536 19.305897 -10.349709 -26.555019 -22.670990 -27.454210 -33.782272 -7.607990 -4.347524 -22.482700 4.412835 3.829373
-380.186584 208.085083 -8.295540 -14.977282 -5.705717 -27.523958 -21.651176 -17.258259 -32.732250 -37.374298 -4.753037 3.065491 -18.764772 8.052847 5.107769
-351.391327 207.661713 -12.817040 -9.032453 -8.527678 -34.629524 -26.400776 -8.067253 -32.875729 -36.907982 -10.751706 14.967314 -23.087851 1.869483 8.556738
-326.566437 195.918793 -19.599873 -1.752084 -23.638672 -41.470711 -10.194975 -11.127585 -32.875397 -17.105869 -23.339874 4.839856 -10.304536 -5.401734 4.579362
-321.828094 183.123810 -12.765782 -13.872341 -34.969055 -42.729683 -3.512609 -13.935198 -29.193386 -3.953117 -21.984562 -5.148982 0.839792 -10.380690 -0.498653
-381.564209 179.785706 -13.163937 -24.082010 -38.935577 -38.463844 -5.789724 -16.633018 -24.356846 -2.762768 -16.599094 -4.025206 2.172451 -5.522412 -6.578739
-488.650238 150.758698 11.221781 -43.738289 -39.630482 -28.546574 -16.230663 -15.193078 -22.324617 -16.670116 -5.564559 -2.596827 -0.081443 -1.626575 -16.654713
-558.717163 102.008469 28.256374 -26.866741 -37.076576 -20.154078 -8.815546 -14.419695 -22.248478 -18.025267 -4.256578 5.515197 0.822861 -13.142227 -21.519176
-609.571533 52.621422 24.089966 -2.000984 -13.592556 -13.023621 -10.447222 -11.679627 -13.744088 -11.142419 -3.931067 1.841454 0.922758 -5.495211 -11.299684
