city031_010
KOGANEI
36
-626.390625 15.769588 34.797668 34.787476 0.456749 11.810889 -4.351397 -1.340627 -12.490046 -7.578294 -4.289356 -13.595053 -9.109106 -2.056313 -13.312912
-441.197388 101.191055 37.385452 -19.944881 -89.553284 -38.545929 -9.248714 -9.428113 -37.767799 -16.775967 11.700336 2.319251 -10.310627 11.013442 -15.975806
-367.329224 98.134735 29.929131 -17.811584 -92.288681 -41.964233 -8.599178 -12.425943 -40.430248 -25.258381 10.198703 5.405597 -16.757038 2.827317 -15.057564
-382.139404 92.483856 30.840054 -9.009787 -82.083252 -33.885803 -6.891996 -9.064394 -31.320831 -27.433550 8.270064 6.135987 -10.260037 -6.965493 -11.660289
-387.610382 146.296417 66.191971 24.926340 -52.731964 -26.876627 -11.341652 -11.176736 -31.616150 -28.920834 -4.346581 -5.849239 -11.857748 -11.236123 -8.026703
-349.660614 178.012711 50.727661 32.065407 -39.876007 -36.518280 -15.521474 -4.198420 -41.277359 -17.928642 -6.997037 -4.122831 -13.809443 -12.035245 -6.582428
-341.077972 173.380737 34.140671 36.095886 -42.613884 -36.300610 -15.329191 -1.237418 -34.843697 -14.064806 -9.712183 0.496784 -12.596128 -15.371398 -4.813333
-353.911285 171.859833 35.360260 33.633980 -40.663200 -35.729424 -17.578190 -1.037097 -23.939198 -15.450092 -6.510761 1.924234 -21.226719 -11.677855 -3.534170
-362.908691 183.715698 37.407124 30.883381 -32.728554 -34.091778 -24.496944 -0.477416 -16.871672 -23.636322 -0.892654 4.369637 -27.484732 3.367831 -2.800757
-381.900024 200.024323 34.677605 37.890038 -27.176647 -31.717764 -17.055696 -11.408300 -13.428411 -25.124407 0.070223 3.409149 -30.193781 4.940251 -7.577390
-391.268372 209.875534 26.633577 3.658056 -33.743095 0.923836 7.013818 -8.228753 -28.338266 -48.547646 7.850615 4.819569 -19.316870 3.348050 -22.486305
-318.088196 206.095596 -27.302153 -8.358740 -41.092728 20.213120 4.518770 -9.270041 -31.600616 -57.681702 19.387459 1.274764 -7.108925 5.781652 -27.507034
-269.738922 200.512238 -54.848312 16.024712 -51.291870 2.840714 2.636869 -20.260479 -28.574421 -59.041645 20.263763 17.840166 -8.660261 6.051934 -17.015533
-273.114655 194.357635 -55.771400 20.316250 -44.409859 -15.543000 10.656704 -20.043360 -27.075451 -50.176170 4.328090 36.421867 -23.207954 1.519065 -11.982828
-287.586884 195.922211 -42.402237 5.518754 -47.901627 -31.582851 24.400517 -10.975958 -36.695641 -51.724640 -11.085290 68.275009 -34.087265 -11.349880 0.957905
-279.693329 196.432251 -43.225586 -7.937512 -45.392033 -34.103134 10.084567 -2.425959 -32.519287 -37.702820 -14.211224 64.844017 -38.175346 -14.343010 1.775852
-276.617188 192.476685 -44.394268 -16.016251 -32.191078 -30.263880 -7.923749 -1.367283 -38.155869 -28.542986 -8.790674 52.058090 -45.959953 -10.446435 2.287998
-271.976257 178.799973 -58.512016 -19.731884 -10.622532 -28.338366 -7.056776 -3.188707 -50.890724 -18.683228 -3.832242 39.857159 -53.441872 1.585517 0.972400
-265.910522 160.987396 -78.342499 -3.565454 0.119163 -34.135666 5.451375 -15.240206 -46.600899 -0.105603 -13.014112 30.702747 -50.615166 3.311077 -5.556454
-277.346375 161.490448 -79.686050 19.238226 5.903422 -45.111641 7.087089 -24.455170 -36.250793 7.039328 -11.635033 20.928089 -41.381401 6.622338 -16.079863
-325.536591 163.472717 -62.849861 48.020908 13.926901 -51.034004 2.916957 -21.813335 -27.579594 1.590960 -9.894453 1.300298 -21.287075 7.385599 -19.787743
-360.721069 159.851105 -52.384216 68.143143 15.510945 -49.916889 -0.395578 -6.576536 -20.843243 -17.785656 -11.786060 -8.882037 -4.755654 10.947851 -19.927670
-353.561829 152.445526 -50.458496 79.338608 -0.341588 -55.919147 6.020062 7.272209 -8.708836 -44.254742 -24.710869 10.173798 -4.652481 1.658507 -28.632917
-349.181610 140.588730 -38.755394 74.303894 -6.923268 -63.297188 0.513487 11.667023 -14.099592 -54.069717 -31.131527 29.403002 -15.544222 10.227388 -29.909000
-339.387695 136.358948 -30.666180 76.096756 -3.479159 -71.630066 -1.014027 17.144754 -21.416759 -52.134613 -31.476616 40.932110 -22.954496 14.234957 -24.425648
-323.771057 135.967377 -28.975925 81.476379 -14.843801 -78.340088 9.686608 14.709911 -26.870975 -56.356110 -36.718231 46.021690 -26.210094 6.728038 -22.797829
-308.022583 141.384705 -25.813988 97.537613 -24.322166 -79.645950 7.079852 12.096836 -19.896240 -56.679558 -36.617310 42.460091 -17.470997 8.179626 -22.026512
-299.326050 147.596130 -26.744675 112.489372 -31.848305 -70.952072 9.139313 11.299753 -24.371859 -57.612480 -22.484997 35.360397 -13.131562 1.671757 -11.836617
-316.568451 139.725586 -24.161732 120.348450 -32.376354 -63.521614 9.057798 2.879956 -27.154741 -56.270195 -9.740921 26.714235 -17.894245 -1.260854 -6.338637
-346.759430 136.779816 -20.092508 127.306450 -22.583437 -54.681068 13.419253 -4.900554 -22.569706 -53.421104 -5.418171 12.478691 -19.204163 6.825931 -5.646742
-368.507751 127.393280 -11.919855 136.493896 -23.421099 -61.463371 20.127514 -7.595096 -19.371094 -52.639053 -17.474272 13.388201 -12.016659 16.265638 -9.571962
-372.891876 136.218399 2.186073 134.772980 -22.655428 -60.972023 18.077469 -10.823333 -22.212160 -54.032326 -22.443747 8.091464 -16.949976 16.516724 -3.619010
-396.492767 143.149475 15.107687 121.069618 -18.243376 -57.593056 7.334136 -11.134785 -27.088169 -55.253624 -18.681063 -2.218858 -25.699268 14.967280 -1.767772
-465.087219 125.035645 27.343174 90.508560 -15.761677 -57.285080 -3.241323 -8.648754 -34.110344 -49.774330 -12.548946 -7.103046 -29.656469 4.331368 -0.808387
-560.615295 96.137840 37.247715 51.330475 1.271007 -47.086510 -10.552757 1.449079 -34.777725 -31.035271 -3.524649 -12.898999 -21.094551 1.087173 1.002035
-613.592163 74.186569 49.842087 35.707298 12.408152 -11.434207 -13.007885 -11.668390 -21.342304 -19.659855 -8.663942 -10.538323 -12.820536 -2.379734 0.949615
