city031_026
HARAJUKU
28
-413.604553 182.156174 -21.733360 -38.877670 -9.698998 -30.276972 -16.929834 11.648157 -7.273887 -25.270798 -5.791539 2.286375 -14.202600 -11.905466 -3.859164
-301.030518 231.377426 -61.454910 -28.773949 -11.163136 -52.393982 -6.586856 13.050610 -11.119536 -13.752644 -8.853036 0.126525 -6.391747 -13.241554 -1.631617
-267.882629 246.951508 -74.443695 -31.631399 -14.112205 -59.391640 -5.192887 15.912611 -11.969063 -13.535700 -9.442476 0.189369 -3.627762 -12.659760 -1.571789
-274.910004 249.518051 -70.327141 -42.586391 -10.212222 -57.715134 -13.797199 15.111869 -16.384132 -23.857929 -8.604053 4.000287 -10.109753 -12.130806 -1.558530
-289.662323 241.641098 -66.048271 -42.872208 -1.291354 -53.311272 -22.073618 10.356868 -20.219128 -26.759068 -6.652443 4.794931 -15.001568 -11.277229 -1.430968
-293.854431 238.633148 -67.491890 -38.918953 14.823065 -52.365204 -34.590557 2.823077 -27.312948 -24.087418 5.963741 0.294844 -14.741983 2.399266 -4.513373
-272.578857 230.540741 -65.629776 -34.156048 12.038807 -48.033409 -27.855467 -11.073692 -23.601076 -22.740355 0.461922 10.052807 -30.360035 5.625843 -10.325867
-258.581879 217.016190 -71.717239 -21.958658 6.701884 -43.354912 -19.277672 -18.196499 -14.499754 -16.385036 -0.784378 19.831450 -40.115646 3.099503 -10.687059
-258.234894 200.456726 -81.994537 -1.117590 -1.847600 -36.978546 -8.660394 -30.385460 -10.583118 -7.055706 -0.217263 15.624197 -41.179825 -2.115820 -4.844335
-253.003586 185.493500 -77.877968 27.705189 -14.025151 -29.456810 -11.018784 -42.680161 -7.953762 1.594519 -3.758848 8.412853 -36.748024 -3.905072 2.487763
-223.177750 139.814438 -57.478760 41.619698 -12.128170 -28.196119 -28.627804 -45.518879 -13.825403 11.667358 -17.760054 -0.603090 -23.769741 1.950973 -10.001120
-233.455566 98.662262 -35.832386 47.181026 -3.394611 -22.972683 -31.510719 -36.811768 -13.884459 14.065769 -20.650963 -4.789731 -8.772463 1.853336 -18.394794
-274.539734 61.752796 -9.636987 49.225861 6.455315 -14.672508 -24.742441 -28.168594 -7.388924 10.969726 -12.676741 -6.830623 -2.161577 0.505630 -13.590746
-276.539551 23.637592 15.341917 76.351364 10.299324 -28.497074 -33.123444 -25.307436 -5.362686 0.875452 -17.533974 -8.754281 -4.159642 -1.942293 -15.456532
-245.999069 45.038673 0.532892 74.606812 11.021820 -36.732151 -37.663700 -17.950226 -4.270469 -6.636958 -23.886852 -13.072764 -5.954313 -1.387468 -12.818981
-241.046371 83.943024 -30.703020 70.623886 14.386238 -43.560707 -41.881271 -20.298697 -1.497573 -6.093510 -26.183952 -11.927105 -9.314003 -0.523036 -7.953096
-269.484833 122.212997 -55.533741 77.877327 19.654259 -41.868767 -42.820786 -34.545296 3.279315 -10.624228 -29.953724 -1.997560 -20.530642 9.052172 3.326178
-315.946808 166.291443 -55.494614 72.098953 31.872730 -29.059587 -38.408607 -43.545395 2.034695 -31.164997 -25.982670 3.202109 -33.351006 15.481465 11.395903
-372.932098 166.092255 -18.030102 50.312908 31.223190 -13.398271 -36.397484 -32.096920 -5.607170 -35.505173 -14.365516 -3.569995 -35.144119 16.517853 8.455862
-400.810425 159.035324 -23.352787 -4.563759 26.518486 9.335462 -51.701836 -18.109240 3.298658 -31.260782 -2.469844 -21.078703 -17.123993 9.853767 -8.120865
-335.080750 175.297089 -35.683037 20.909279 28.746334 -8.638783 -66.930176 -22.776134 11.696782 -50.552433 7.130758 -5.906854 -32.447590 18.128948 4.673120
-306.210022 181.247787 -49.735657 44.672874 31.571556 -26.310757 -70.579803 -28.943985 20.201929 -55.218174 -3.540607 9.993690 -45.473648 24.477079 14.239751
-325.171570 166.267639 -57.710606 52.019295 34.049652 -29.470043 -65.485062 -26.099907 23.593090 -53.343803 -13.958767 18.600309 -47.445580 26.441357 19.287172
-322.897522 175.197510 -52.206970 48.824745 33.154572 -34.668674 -77.403297 -37.114738 20.602804 -47.354588 -7.939174 22.587303 -48.381432 22.101063 20.661537
-342.589050 176.968231 -36.318306 44.543022 29.245430 -41.254787 -87.594284 -48.427200 10.637549 -40.005356 -5.129093 12.079025 -51.709251 15.422231 13.606411
-412.879608 152.200623 -13.015171 29.226059 20.145821 -36.853996 -78.695023 -47.009792 1.206524 -29.700680 -10.364749 -3.284874 -37.253075 14.250137 5.112535
-520.166626 93.614197 -1.275533 11.364005 15.759392 -24.589483 -54.501060 -30.166533 -0.143604 -14.599744 -15.628927 -10.800314 -13.115982 11.773785 4.919337
-595.162048 52.086769 17.308165 8.963777 6.865220 -15.469543 -36.230457 -28.749508 -8.698610 -4.119967 -13.055611 -14.221331 -2.570289 4.522043 -2.923350
