city031_033
MUSASHINO
29
-508.541748 128.612122 62.715675 29.505684 -7.198597 -33.308640 -14.724211 -5.945256 -31.475849 -32.865124 -10.619780 -9.332594 -10.747650 0.065619 -5.335653
-391.052185 182.796204 7.681874 21.807575 5.658693 -46.529945 -14.254210 -1.558488 -37.089424 -26.306969 -1.103038 -16.215429 -21.402966 5.048751 3.057664
-334.496338 187.775894 -22.478352 27.222656 -6.735055 -47.590019 -7.402248 -11.824247 -29.178413 -24.324120 -1.728514 -9.232813 -31.532238 6.372201 6.131447
-296.300171 147.829010 -6.271511 18.990494 -11.313457 -33.038010 -22.606438 -3.008039 -41.271469 -15.733091 -5.943958 -9.984646 -25.348980 10.740700 1.598012
-245.031525 73.797012 28.579971 18.393517 -17.318905 -21.023994 -16.465321 0.971484 -46.648422 -8.977222 -12.173904 -7.251366 -11.480732 5.551801 -2.572216
-229.667358 17.970917 17.696426 18.583576 -26.221672 -15.465841 3.027831 10.358574 -44.724533 -12.732407 -7.267054 6.582122 -6.365929 -5.074316 -8.979696
-231.810699 10.133278 2.152332 4.545248 -52.288868 -29.405643 0.188970 10.344893 -42.823769 -9.185331 1.297733 5.064632 -13.147158 -5.986920 -12.698519
-198.002762 97.718231 7.559595 -26.724888 -80.105591 -30.995846 -1.247880 2.685545 -64.056488 -14.235130 15.505751 5.986569 -23.281219 -18.560852 -20.978748
-200.134171 145.167114 -4.549982 -34.884693 -74.288834 -34.591667 7.345060 17.853687 -79.369576 -2.332108 25.181328 3.764803 -30.374561 -19.263885 -18.332191
-201.285294 148.064896 -31.301014 -39.070511 -55.449821 -36.867432 4.187295 21.292356 -76.571838 16.302153 19.727505 -5.090598 -22.343615 -12.177023 -14.238173
-201.693787 152.696121 -29.549416 -24.781872 -49.281086 -23.930149 -11.161198 7.497437 -66.175766 12.976316 11.848431 -7.640631 -15.509600 3.903023 -13.378538
-166.913132 90.904938 11.423594 -11.249737 -56.487934 -2.882816 -19.603016 -13.914042 -51.407040 2.977095 -0.708933 -3.585449 -16.345161 7.998018 -11.170773
-187.549408 14.463683 29.321173 12.159903 -46.383179 -6.485593 -22.186916 -15.545986 -36.447342 -1.622681 -5.513308 -3.101824 -12.387300 3.670347 -10.579883
-253.267181 -69.423370 11.385613 28.873659 -49.428741 -16.549505 -23.455719 -15.936220 -24.480522 4.275013 0.526403 -1.984797 -18.337658 -0.866905 -6.360753
-241.969284 -22.761911 42.195103 56.032906 -53.738411 -29.347939 -20.057484 -13.173457 -36.414715 -21.979422 -22.613224 -4.133468 -22.053341 -3.746560 -15.792480
-224.898834 43.731476 42.420715 66.837250 -59.988899 -47.816727 -6.299763 3.518626 -32.425194 -36.353645 -36.178867 13.587397 -11.964857 -12.843267 -18.091911
-229.998856 80.073334 11.565756 84.549507 -54.751774 -48.555363 -7.394591 4.962359 -27.792149 -34.505543 -37.003422 10.718225 -2.781765 -13.968175 -17.740593
-262.853912 102.734009 -13.428159 97.379257 -47.180458 -56.717705 -3.729053 -9.736160 -12.417023 -36.344994 -30.368778 5.292184 0.460429 -8.528605 -14.542386
-283.817963 123.846008 -36.992867 108.470673 -38.554684 -64.794556 -6.681909 -14.238490 5.104808 -28.251701 -32.229256 -1.616350 6.851857 -3.763714 -13.304192
-279.785553 138.937561 -58.884338 98.769890 -18.110138 -52.799503 -1.601875 -23.556351 -5.104702 -17.173071 -27.556030 -8.731854 1.375792 -6.456239 -12.958398
-260.686096 138.487091 -55.446663 53.798279 7.999127 -49.877365 20.013477 -25.266647 -26.126591 -5.416607 -13.748585 -9.504406 -14.951112 -2.272663 -16.112019
-233.705383 153.474518 -55.803131 8.582326 1.426315 -63.697651 35.986298 -22.256662 -45.859238 1.123306 -12.415182 0.207916 -13.201517 -5.381821 -20.484913
-231.470993 166.607819 -52.521622 -7.019512 -26.664856 -58.699200 33.952866 -12.404074 -39.634563 -2.795856 -22.017975 8.437824 -7.703472 -14.845001 -15.315976
-247.841141 193.847916 -57.040085 -5.948081 -48.886909 -53.551331 21.369717 4.621957 -26.488655 -5.994761 -23.821144 4.842404 -3.922667 -14.761149 2.031174
-259.711121 217.472504 -55.803261 -3.060895 -46.665482 -65.750885 12.148601 5.474199 -15.158596 -7.151198 -22.862759 -3.541626 -4.200846 -14.389846 12.763815
-290.469391 216.184830 -40.173767 -4.026700 -51.971092 -78.361694 4.371168 5.042037 -13.679764 -8.251863 -23.045994 -10.308142 -6.452556 -10.135978 11.876818
-368.886658 188.160217 -9.768669 -14.973421 -61.203049 -76.600479 -2.223460 -0.178737 -18.670963 -7.839181 -21.272444 -17.423475 -7.487199 -9.399546 6.112191
-489.038086 135.372284 27.994999 -32.993469 -57.419041 -42.711998 -8.110666 -2.601180 -14.261389 -17.824631 -17.854366 -14.309752 -9.580713 -4.497464 1.065936
-556.233276 81.307716 27.134741 -21.663952 -39.569763 -28.047016 -7.245380 4.466835 2.788931 -5.414476 -11.797745 -12.658808 -9.140541 -4.756365 -2.764434
