city031_044
WASEDA
22
-397.022339 168.252380 12.247133 3.344233 -58.470139 -39.071426 18.984692 -20.993263 -35.685677 -13.330866 -7.542602 -8.711800 -2.880572 9.067579 -11.636444
-261.466034 188.895172 -45.088848 16.172785 -64.312599 -46.544197 30.134201 -31.992165 -26.296103 -17.234219 -11.833720 7.868644 -14.511431 15.463933 -19.268106
-186.660645 171.364960 -78.292618 4.907609 -64.524475 -43.756989 29.841640 -31.270107 -23.348553 -9.548364 -19.070869 24.167921 -35.510536 27.021145 -35.482559
-142.186859 168.495941 -91.825066 -7.359235 -69.730385 -37.186432 26.864950 -33.228477 -22.818829 -10.812544 -21.215664 28.461292 -46.608189 36.651718 -54.048470
-117.353050 134.170471 -54.318764 -11.462743 -62.255615 -13.840885 11.811153 -21.078835 -25.318209 -10.914194 -6.320170 8.235977 -20.530088 16.177019 -43.309814
-147.675888 81.163010 -10.664331 -9.837620 -37.431442 -13.266148 2.817976 -11.918672 -20.723469 -6.784019 0.086082 3.135838 -5.865914 -1.563011 -30.475121
-218.352875 11.323436 -3.945260 -1.678465 -13.606461 -16.028816 -6.899503 0.768557 -15.454068 -0.549177 3.814953 5.406306 -3.953709 -6.461235 -21.337204
-249.327164 -8.623384 5.496565 15.809511 -10.227864 -25.419697 -21.044529 -10.071692 -32.580559 -21.943352 -5.269819 1.950986 -5.343729 -9.186130 -16.208412
-182.838242 59.244064 3.233864 38.181946 -8.159446 -46.296844 -40.433189 -6.585910 -27.472816 -34.902588 -15.832491 -5.674907 7.113994 7.995311 -22.276991
-157.759995 103.415939 -29.835461 49.681736 -17.649258 -47.617561 -44.649010 -11.533891 -21.790012 -44.273468 -7.480727 -7.595216 -1.572407 20.912127 -37.296883
-185.555405 129.642700 -47.418198 57.536896 -19.721117 -54.810455 -40.833740 -16.223372 -7.278742 -50.353874 -4.799151 -1.801731 -13.304756 40.762627 -52.041046
-227.304276 127.520660 -41.128929 60.639763 -16.679962 -60.971718 -45.656746 -5.781849 -1.959772 -47.848152 -5.620433 -4.510194 -14.010015 50.110634 -52.745766
-274.313843 123.863190 -24.802486 65.579918 -3.517127 -52.810493 -40.831512 -8.092406 -1.632759 -37.353783 -8.294615 -5.593036 -9.137171 47.378212 -53.586502
-322.973663 141.055801 -14.582167 51.755260 0.734768 -32.653564 -32.553272 -18.657948 0.573572 -20.286549 -7.412719 -14.776323 -19.306852 40.082619 -42.795349
-256.503052 171.841202 -49.587440 24.987309 -29.977657 -26.593204 -18.744129 -41.995892 0.713298 -10.011137 6.600456 -11.153665 -35.039059 37.184425 -35.903828
-212.892014 172.453979 -81.133209 9.482840 -47.102127 -23.716602 -0.174791 -42.485649 -10.629242 -13.571396 11.676662 1.498224 -34.349586 27.783806 -37.609035
-210.980957 177.504944 -88.012863 7.292788 -60.482483 -20.824697 16.160782 -28.179165 -22.004337 -19.283051 11.092878 14.937052 -32.476112 16.438759 -37.540794
-221.549408 175.918304 -71.226143 7.992832 -74.541214 -31.589977 24.644264 -20.479391 -29.461506 -25.584579 2.640176 26.727638 -28.880100 7.657407 -39.875443
-265.503571 167.865295 -53.353134 -0.679491 -85.538116 -39.464725 27.747583 -15.840595 -36.448338 -32.391380 1.917222 31.457478 -26.135675 -5.852345 -40.435905
-376.252533 145.764160 -24.912136 -17.259716 -78.766365 -25.408005 25.470259 -24.206228 -35.141674 -22.397747 13.520637 17.899984 -22.198589 -12.741989 -29.255362
-490.395630 111.306183 6.487778 -34.616074 -55.420547 -9.338488 10.202807 -22.774269 -26.967884 -11.476749 12.179641 3.999369 -16.236897 -9.331628 -23.140400
-559.328857 73.934540 14.732529 -26.235062 -29.450397 -13.952965 -7.492928 -15.191786 -18.966740 -7.486336 6.609228 6.672829 -6.208295 -18.538666 -19.812431
