city031_090
GYOODA
24
-656.654968 25.226583 21.055187 14.893459 7.703889 0.600316 -5.504957 -10.010766 -12.646358 -13.587759 -13.258043 -12.146851 -10.773085 -9.446215 -8.234797
-553.174988 87.731461 66.532135 101.141205 -0.697559 -16.533360 15.404886 -43.712639 -33.194801 -3.525803 -27.836796 -14.957333 -5.827898 -16.163069 -10.258307
-446.516174 96.516357 37.948547 137.540558 -11.905533 -40.211235 13.956851 -27.623804 -10.874202 -8.695824 -24.311342 -6.915307 -14.849504 -12.659480 -15.352882
-362.932831 74.273346 8.356577 124.066841 -14.216443 -34.874355 -10.591745 -6.956447 0.289071 2.549848 -19.776640 -17.704197 -21.521559 0.182590 -16.519367
-320.689728 56.015083 -19.718225 98.138435 -1.404785 -32.090508 -41.883270 -3.115799 3.002662 -1.663074 -25.259808 -11.119783 -15.927446 3.036000 -16.731699
-268.117767 106.575752 -45.555714 58.642921 9.118151 -16.632454 -53.586273 -10.140874 -0.253479 -12.581347 -21.023689 2.441519 -13.884932 -0.822762 -10.984106
-269.374176 162.227844 -58.265049 29.415180 -2.064276 -12.028641 -42.934223 -12.575891 4.763450 -27.620781 -19.405392 5.647171 -17.123436 -0.612265 -4.032319
-303.992981 194.086304 -54.667263 17.245266 -25.219471 -24.822834 -28.424286 -12.997562 7.192419 -44.028130 -14.540068 2.083616 -23.138512 3.245172 10.623200
-337.533081 201.674225 -31.962803 14.204360 -35.652290 -49.926086 -18.191078 -4.637369 0.264583 -34.491661 -23.931849 -4.476786 -11.555155 14.330539 14.530516
-356.728577 214.846497 -14.647684 10.388711 -33.310684 -73.256149 -19.087740 3.453129 -4.817710 -17.273308 -27.078613 -22.405567 -4.691607 21.702766 10.865034
-352.537140 222.299316 -7.793573 15.615641 -35.387676 -88.696945 -20.915741 0.461271 -2.393085 3.199944 -38.875305 -41.961220 -1.753872 18.862392 17.940571
-324.032623 195.870758 0.697853 8.366550 -47.258217 -82.983421 -15.705071 -0.591001 -17.620556 8.311218 -60.255009 -28.497635 -3.091939 13.867861 17.177204
-300.921417 163.561859 3.122210 -2.377597 -44.963707 -59.624603 -16.701134 0.770061 -33.222977 9.690184 -61.768684 -15.731979 -5.128832 9.274099 11.711802
-317.132996 148.285553 11.390903 -5.724679 -36.160042 -30.853018 -19.893044 2.375417 -31.230471 3.634307 -48.381088 -9.017439 -9.728092 7.375011 5.341642
-365.928406 158.776321 29.355539 -2.238514 -24.969976 -2.965760 -20.425190 -6.307180 -29.895433 -15.864550 -29.854454 -9.170691 -20.095409 6.066844 -11.037580
-366.102295 181.030182 35.171234 -11.482281 -25.171383 3.466313 -18.512428 -10.034064 -34.611305 -10.780325 -14.439682 -11.909749 -19.170738 19.210648 -20.210104
-329.035156 181.233459 2.546457 -16.513670 -24.858162 -18.553604 -26.271011 4.116383 -38.507912 2.484744 -10.173777 -7.535565 -11.057613 12.882697 -20.512579
-297.465424 169.053680 -19.820086 -19.376762 -33.231796 -37.275566 -24.423046 5.015841 -47.462128 17.190960 -26.329309 1.053495 -6.992869 0.399470 -9.309910
-280.221710 160.119934 -20.966640 -18.020271 -32.676800 -45.939812 -20.656609 11.828667 -56.007717 26.551643 -35.860474 3.766552 -3.537246 -9.696581 -11.381582
-288.792877 170.617859 -16.016590 -21.576107 -38.003563 -44.284863 -21.970631 7.212004 -60.324059 22.608212 -34.579033 2.681178 1.224477 -9.093127 -14.714457
-354.204895 177.653061 -14.813461 -30.038891 -41.159279 -42.570793 -21.210716 -4.887946 -52.752918 11.817537 -20.401981 -3.972622 2.245629 -9.801506 -16.629354
-477.975006 156.334717 -2.659435 -34.646149 -42.029991 -39.719570 -12.239807 -23.866615 -36.331635 -6.084998 -0.150733 -10.400681 -5.297175 -4.918056 -18.049809
-571.054260 104.313354 20.296026 -36.018250 -45.912956 -23.542877 -4.007787 -12.676328 -25.557034 -17.924007 -6.069986 -3.011356 -4.725581 -11.692648 -15.785717
-625.156555 57.117828 23.881651 -8.619450 -25.630219 -26.548115 -20.533194 -15.484571 -12.198168 -7.809328 -2.128752 1.212221 -0.628959 -5.709004 -8.875801
