city031_006
KAMEIDO
31
-451.696686 68.784866 -33.099358 -47.814854 -42.728535 19.420446 -12.535957 -15.868635 -21.197197 -17.254038 -7.747032 10.453957 -5.209984 -1.531704 -15.107422
-348.955536 62.368324 -44.451561 -45.499146 -49.414825 11.001833 -18.677195 -23.284386 -24.386471 -25.046801 -11.300875 7.852223 -7.424722 4.950305 -19.469898
-341.300476 64.279236 -35.287079 -25.907925 -44.442787 9.879032 -12.442863 -18.705482 -22.999985 -29.519054 -7.633661 4.892939 -9.609521 4.144199 -22.111202
-326.883118 129.902710 -1.793232 -3.481181 -50.971874 -7.030773 -7.921917 -5.882935 -25.897915 -40.574345 -5.205829 18.890121 -1.462272 0.320642 -18.082493
-291.456238 180.767120 -28.774736 -15.347481 -47.950371 -20.845921 -14.131293 -0.761177 -28.660542 -39.938416 -11.015267 31.671803 -5.675941 2.508732 -13.474272
-284.261139 198.919235 -54.408424 -8.768387 -49.437881 -38.230881 -12.941826 -5.226925 -21.111076 -40.109760 -20.102243 41.482578 -15.716437 2.298035 -6.359707
-278.414429 205.272202 -61.269966 -4.984226 -49.066391 -60.012749 1.085066 -0.949789 -19.127712 -38.311016 -31.948082 50.807228 -18.353840 -0.559555 -14.906063
-286.768585 189.515427 -62.708138 -3.223570 -37.891083 -63.034523 10.733748 12.384207 -18.180285 -38.957977 -40.641701 56.213268 -22.724228 1.087680 -25.600830
-295.093719 182.615021 -59.823109 15.015778 -18.881199 -52.199223 11.743168 7.384311 -19.477150 -38.989853 -35.083275 48.041069 -27.419941 8.997916 -27.116608
-324.359192 164.101227 -52.342335 52.101593 3.214047 -49.134071 5.246850 -6.824243 -23.318998 -39.298950 -27.311909 33.727478 -26.047001 16.773228 -30.267647
-324.837402 154.604370 -61.721779 72.778473 11.308317 -52.926193 2.133835 -19.370447 -18.951538 -29.586823 -30.412354 29.813282 -17.480385 9.114612 -26.976734
-304.678131 153.074524 -77.507713 74.823517 6.754534 -58.326580 8.808677 -25.586380 -14.261524 -24.982887 -32.962265 28.274445 -12.251175 2.901479 -24.444860
-297.943176 138.986603 -79.554207 81.446533 2.163325 -63.319229 16.257299 -27.805500 -11.124086 -26.711699 -32.029648 33.510483 -10.072044 7.047095 -12.347130
-307.157867 131.198792 -71.315506 92.555435 -12.474789 -69.620758 16.894676 -21.959869 -5.490269 -24.569229 -34.328522 33.972786 -15.988238 7.874310 -4.242260
-319.204834 133.056946 -58.900047 103.565346 -26.033356 -70.460258 19.938660 -16.791126 -10.460228 -25.488281 -36.429775 32.063522 -20.468765 5.361567 1.646297
-321.899719 145.883636 -47.296074 111.068680 -34.423687 -73.958672 22.293114 -22.111761 -24.256218 -36.210213 -38.625141 35.602371 -15.108658 0.570115 5.562653
-330.089722 151.404846 -40.082764 118.289734 -35.028545 -76.822327 28.486012 -21.488335 -30.186832 -37.206768 -39.430344 30.919376 -16.392344 -7.225341 11.788557
-348.054199 148.627991 -26.999321 127.572281 -28.421787 -74.342056 27.629417 -15.912016 -24.464455 -33.586185 -32.902969 23.915024 -20.691515 -5.297505 9.353165
-367.306824 148.109100 -11.515675 132.670715 -27.128708 -68.780083 22.043449 -12.186476 -14.923367 -40.698341 -28.721014 19.138268 -20.556707 0.251223 0.487705
-378.861115 148.605499 -6.107698 133.593781 -16.291492 -61.709122 17.601376 -3.622486 -8.156463 -53.659019 -31.367535 16.859137 -16.684780 6.418461 -2.790948
-380.926849 115.957901 23.686476 121.139000 -16.777260 -25.601833 -19.279263 20.225969 -16.823822 -51.262104 -15.512323 0.222603 -8.774982 -1.556481 -6.238473
-354.060242 96.063614 18.748274 76.050232 -32.737301 12.992960 -23.449982 0.590097 -45.129982 -29.455799 -4.848456 6.142235 -2.858084 -9.934512 -13.910213
-297.122528 133.349915 -4.849589 49.702415 -52.638062 11.146612 -12.542925 -5.621868 -54.015434 -36.948975 -11.114183 5.473439 0.397283 -4.770373 -13.107461
-301.616089 170.524719 -20.844742 49.400726 -61.538685 -6.936093 9.424995 -12.347595 -40.590008 -37.758110 -13.787457 7.168180 4.527918 -7.702680 -6.257604
-311.810730 194.241058 -23.836679 49.075012 -59.935387 -35.070328 16.770367 -19.256796 -27.030924 -17.577534 -24.940674 7.363139 1.313384 -12.245985 15.078368
-315.728638 204.094879 -11.861385 51.705578 -54.765430 -45.060390 12.274343 -20.517242 -24.245018 -6.459722 -27.664005 6.303087 -0.281133 -11.150124 23.382748
-366.167633 197.294617 1.824699 39.761692 -49.737778 -42.073948 9.587965 -19.401007 -27.638153 -14.757648 -25.967489 2.128187 -0.191441 -6.621667 18.552412
-483.528290 166.744751 27.074394 9.569752 -45.241867 -39.825245 4.466514 -15.345467 -22.524176 -22.979961 -20.594202 -1.229212 -5.174392 3.578760 8.827400
-573.531494 130.309967 60.404663 1.064147 -46.451897 -33.483894 -13.670147 -17.929535 -10.451819 -20.391653 -26.646523 -9.078049 -8.217938 -0.327167 9.541069
-615.747314 98.383461 54.789627 7.022977 -25.633564 -34.169296 -27.081755 -17.776737 -13.722963 -16.095764 -17.497276 -12.311006 -3.479653 4.312291 5.340229
-653.534546 55.472626 35.610073 11.063004 -10.006258 -22.524681 -25.995125 -23.301727 -18.110718 -12.776512 -7.904604 -3.315984 0.782216 3.479678 3.835705
