city031_032
MIKAWASHIMA
32
-570.458374 75.999023 53.688972 24.996582 -2.140389 -22.207344 -33.424725 -36.948990 -34.858772 -29.246838 -22.231348 -15.470116 -9.855230 -5.711718 -2.738209
-457.209259 144.961395 48.349911 45.489872 -15.780884 -42.656586 9.232323 -3.742934 -45.478287 -35.271820 -11.302053 -2.057384 -10.353167 -12.598477 -1.486471
-362.211639 153.678772 16.136829 83.394966 -49.537762 -57.744545 42.199711 -12.779111 -39.462608 -31.959095 -19.408386 9.817972 -16.818037 -12.545268 5.242142
-332.085083 136.469116 21.073891 100.237640 -63.181416 -56.494221 39.950226 -4.576741 -42.331203 -31.966354 -14.979712 7.817451 -12.218857 -13.237534 5.780599
-351.234833 101.808365 41.127258 97.871887 -51.925007 -51.484684 26.396568 8.511677 -42.572262 -27.195385 -16.960054 -3.593127 -9.463268 -5.691381 2.224874
-390.305023 82.424736 20.176426 54.939152 -15.431465 -15.498531 8.405081 5.698373 -40.842159 -13.292501 -9.632290 -20.631817 -13.448338 -5.831948 -1.240757
-277.444061 63.673706 -28.548416 2.198826 -16.017954 -23.744789 -39.749554 -0.045414 -35.916016 -7.434340 0.709200 -12.790323 -5.792969 -7.213812 8.182034
-200.475693 97.811661 -11.921288 -0.320920 -22.297274 -19.799107 -34.329155 -5.667505 -31.202003 -15.092224 5.647058 -5.959615 -7.727876 -6.551068 -3.884585
-167.289398 135.363525 -24.159111 4.823621 -38.712616 -17.023153 -11.518381 -13.973467 -34.215469 -9.558319 5.244550 4.213362 -16.898384 -3.430658 5.755554
-172.245132 156.354568 -59.841347 10.252743 -51.186562 -18.791534 -1.150638 -7.151768 -51.768517 15.386055 -8.030764 20.509439 -23.451387 -15.874205 24.742432
-176.484039 153.950592 -67.044609 10.893072 -57.623096 -27.650942 0.717348 -5.702851 -59.283535 21.573765 -11.474329 29.159281 -32.733841 -15.648060 28.628311
-197.521500 155.276443 -56.474251 10.817106 -66.315491 -32.832359 14.718906 2.844136 -60.350922 13.726183 -8.450480 32.982941 -34.203140 -18.631294 29.853336
-226.977478 173.802948 -30.082825 12.643091 -88.578171 -42.153839 34.125504 15.788544 -62.246975 -14.280282 -6.437479 34.746613 -27.459652 -20.929619 38.442947
-256.790710 188.884155 -11.688412 14.047223 -100.809364 -58.449886 39.727608 23.879980 -63.010277 -25.749651 -2.787392 30.437630 -16.079786 -25.702763 42.767426
-254.751358 191.586914 -20.122925 9.648845 -103.740570 -57.122696 48.861130 16.193161 -68.404900 -16.720146 4.266695 23.524071 -18.646961 -23.540993 43.025787
-259.948639 192.575775 -26.178341 4.543670 -99.735947 -46.035698 56.642990 3.366173 -71.201920 -8.811054 18.145187 19.526608 -30.184296 -19.494743 39.227791
-240.398300 175.034760 -33.752769 10.977785 -77.361450 -28.970505 27.719776 -11.187306 -59.647366 0.928390 22.772957 10.287144 -35.576035 -5.562912 20.816715
-187.709961 94.215881 12.134506 2.897806 -57.863796 -10.976568 -3.840008 -7.548052 -45.549564 -1.744247 22.830193 -5.323400 -24.376083 6.514561 3.091580
-202.434631 17.783327 29.426762 19.787798 -55.132050 -1.519213 -5.619782 -13.191189 -25.581638 5.387487 4.811723 -7.887843 -16.795177 2.278921 -5.295892
-256.682465 -56.769447 12.514068 22.179028 -63.851212 -7.222663 1.052870 -10.335857 -16.066856 7.128587 -1.904045 -4.924974 -20.538208 -2.366634 -14.163998
-298.349304 -62.930496 51.303841 53.242172 -68.715164 -19.867931 -1.436685 -9.156537 -24.134659 -13.295527 -18.669621 -9.590042 -19.016369 -5.070870 -12.732890
-265.164673 21.370754 86.902603 68.825249 -69.326614 -17.576897 -1.712068 -13.392466 -37.506462 -32.246880 -25.990643 -6.532701 -4.430773 -5.265948 -11.844770
-256.825806 77.718475 43.321560 65.175949 -42.622322 -11.184343 -6.946157 -16.155312 -35.758419 -31.025558 -23.666004 -5.387606 -0.004442 -4.907281 -13.265592
-299.663635 121.745483 2.078426 59.792675 -18.435410 -11.955719 -6.031310 -10.720430 -24.734425 -28.154253 -11.675867 0.261385 -4.733932 -6.850701 -3.454095
-307.200500 172.341949 -32.438450 35.796329 -8.142847 -17.963161 5.261371 1.009070 -23.824942 -27.335045 -9.623962 -1.538546 -13.397461 -11.752123 11.766609
-267.471649 196.144440 -55.356064 14.092730 -15.325983 -32.165863 12.163591 -3.019301 -34.695702 -9.052008 -12.335735 7.017236 -12.720276 -24.789692 18.424488
-260.723602 207.746674 -67.155304 -5.278224 -35.963333 -42.899334 23.907265 -7.315014 -31.329002 -8.488819 -12.618176 10.319721 -18.727001 -26.218761 10.660025
-272.824402 221.204498 -56.333683 -30.519978 -55.250076 -45.311508 33.824825 0.553001 -31.245295 -17.842815 -5.284297 22.695808 -25.946474 -32.103462 6.063367
-308.210541 227.619659 -22.182064 -43.438385 -72.953033 -45.990074 41.061485 8.552259 -47.120811 -30.418171 10.980689 23.918064 -35.648865 -31.138165 8.583548
-379.798431 206.257980 0.154559 -58.585537 -70.028809 -41.483818 24.074306 12.652888 -45.635994 -36.492798 16.329424 10.904032 -33.491825 -21.448277 -1.283590
-471.283722 145.457977 8.632230 -55.955452 -54.805706 -27.568459 6.443095 4.256751 -28.831150 -25.441235 7.552918 4.915688 -19.430183 -20.447412 -16.974167
-527.841492 99.806976 12.083464 -40.316956 -37.816841 -13.711161 2.032614 3.574550 -0.436092 -0.014408 3.299341 -0.515920 -11.819231 -20.335884 -20.577518
