city031_096
BYOOIN
28
-625.264404 19.866091 16.684723 14.283852 9.355652 2.842663 -1.147554 -4.347043 -8.926662 -11.409483 -11.083402 -11.765556 -12.561681 -10.619680 -8.693880
-465.840088 123.471008 19.582504 81.993774 42.683983 -59.344460 -22.455334 23.702812 -13.713280 -25.322332 -10.466084 -16.625767 -14.523615 -8.535757 -15.631117
-380.906891 137.836823 -4.736089 103.102867 27.118324 -61.013054 -13.262930 5.427012 -13.972936 -9.160036 -23.626743 -13.341869 -3.744994 -17.762005 -11.514341
-317.540771 142.508499 -39.223877 90.309357 28.033522 -54.004128 -29.745012 -6.875673 -20.830017 -7.099789 -33.395878 -7.609758 4.341154 -12.908779 -6.452052
-278.161621 158.190216 -68.075562 47.357002 32.185555 -43.038589 -33.351284 -9.459192 -40.347370 -10.533072 -28.844378 3.101673 3.783084 -20.480236 7.301262
-285.590271 186.782593 -67.929825 1.561071 20.442640 -38.488956 -26.226044 -1.970624 -50.412308 -19.004219 -31.933758 13.425528 10.001928 -25.948429 8.376263
-313.631744 210.258118 -43.174988 -19.177643 -7.484262 -47.827881 -8.740404 4.815042 -36.946129 -27.116238 -20.087902 13.435201 4.290381 -18.405411 1.952875
-335.895813 228.973389 -14.630390 -24.515575 -19.544743 -56.301842 -11.748009 12.230438 -22.734943 -30.764431 -8.497312 2.970027 -5.697309 -5.097962 4.246216
-354.415161 232.220825 7.707470 -17.752350 -22.188713 -55.516502 -21.772520 9.710310 -15.299053 -26.750782 -10.302768 -6.676658 -7.041404 1.248225 4.149242
-369.138855 225.288910 19.817467 -4.274672 -20.615482 -60.771790 -20.187712 11.983507 -14.853970 -18.885370 -7.066926 -14.115656 -9.898565 1.952900 0.771758
-375.444183 218.627731 25.558475 4.471834 -27.741915 -69.101852 -15.979972 17.672415 -16.980986 -21.252346 -4.427346 -17.068916 -15.306808 2.564394 -4.706151
-374.511963 215.652252 17.066074 -0.394026 -26.219488 -67.117043 -16.530018 12.024061 -25.200134 -24.238483 -2.464145 -16.644375 -18.933388 -1.014421 -4.882634
-374.613068 218.112335 11.859218 -12.360819 -21.680056 -55.336014 -18.376373 7.127987 -24.449154 -28.596214 -8.661220 -11.301947 -9.527454 1.498163 -6.277503
-366.161072 223.482422 -3.195821 -32.502254 -16.934959 -41.349651 -15.157614 8.888639 -29.083118 -39.590981 -4.968633 1.687121 -4.090765 5.592017 -2.721561
-347.169678 215.551971 -46.227470 -39.192261 15.520933 -32.948906 -31.087234 6.593625 -25.514359 -40.947479 -0.874509 4.318720 -7.368540 9.785131 3.612715
-347.500610 191.572144 -58.358253 -15.145830 37.323685 -41.941418 -40.967262 2.127399 -24.304813 -35.780621 3.941639 -6.377823 -5.276247 9.015192 -2.509554
-350.284363 155.740082 -31.907391 32.298580 29.658016 -53.231548 -47.096802 5.949686 -18.232563 -33.722290 12.247644 -27.186718 -4.049396 16.159725 -9.081615
-349.087097 118.931717 15.297443 80.736389 -1.479585 -59.266098 -31.799473 9.526895 -12.604183 -29.215418 10.421947 -34.893730 -6.306430 17.212597 -1.439743
-342.303345 98.406639 35.608070 101.015396 -26.710075 -52.717758 -14.673448 4.842301 -20.498070 -27.189934 2.472530 -26.252012 -8.640656 13.192621 3.706448
-341.383331 93.803909 33.019508 103.904800 -33.494160 -55.279503 -7.724092 0.243583 -23.370331 -27.453785 2.885471 -17.562754 -15.904969 9.569471 3.557445
-355.339874 97.249535 28.246235 105.064171 -21.661968 -68.727959 -14.738907 3.864164 -18.588879 -34.111664 0.830287 -8.040358 -16.454178 7.882178 -7.596704
-348.788605 121.741974 0.445262 63.867249 -9.224421 -47.562279 -13.179095 5.056802 -26.429329 -28.266047 5.238000 -10.561842 -24.079411 6.024580 -7.905468
-360.128937 155.334259 -15.167223 37.766853 -7.203841 -33.662510 -10.357335 1.254621 -29.916679 -24.893284 0.786060 -20.698387 -23.980263 1.989653 -10.450765
-400.898132 157.436127 -12.740554 35.971859 7.459185 -47.879780 -7.308600 -3.067907 -34.417336 -17.934397 -3.822925 -21.023371 -12.706241 -0.604715 -10.719697
-435.022400 144.532745 5.757771 53.314606 19.710552 -61.014141 -25.463207 -6.244980 -30.578600 -8.705681 -4.156180 -20.791935 -6.562660 -7.899870 -15.262527
-461.773438 136.280838 22.185059 52.970192 17.186138 -58.320641 -32.940117 -7.682887 -23.138927 -13.081295 -9.303832 -15.857805 -6.839427 -13.696394 -18.681366
-527.096375 108.999489 48.753120 42.907860 7.009391 -46.658836 -37.826210 -10.206743 -16.443119 -21.465893 -13.645105 -12.321044 -12.458849 -12.658112 -13.737745
-585.300781 69.362595 45.807842 17.038530 -7.495740 -22.322556 -27.190748 -25.515337 -21.469109 -17.668951 -14.768887 -12.431898 -10.161459 -7.540337 -4.478672
