city031_027
HIBIYA
20
-486.606323 18.630928 29.021883 100.608444 -23.869686 0.646497 12.214689 -33.879654 -18.994865 -23.375858 -9.327631 -20.803658 -11.679453 1.623522 -17.099485
-389.237976 79.048248 31.075962 135.028473 -23.739532 -44.660141 2.606767 -11.023185 -16.120274 -36.248489 -6.300803 -14.728176 -19.981464 -0.507102 -10.994860
-324.045135 103.168953 2.275035 139.094696 -28.691200 -58.630547 8.699046 -7.097131 -11.158344 -44.421040 -16.477057 -6.922333 -18.882370 2.300724 -14.059040
-281.563354 120.227844 -29.875557 125.244011 -22.390926 -61.206696 1.582389 -13.643415 -11.506501 -45.790478 -19.469616 -4.005676 -17.224794 4.947501 -16.266296
-292.478333 127.409973 -34.148647 106.687119 -5.679830 -55.218872 -7.096993 -14.818084 -20.461487 -48.274376 -17.247225 -0.769058 -9.024399 5.613951 -20.095062
-362.098755 127.755409 -8.058207 71.135132 13.233754 -34.808311 -12.665129 -9.864902 -25.634724 -48.952110 -19.229784 1.478752 -0.332794 1.814478 -21.220079
-333.596375 136.823456 -28.158077 79.783340 25.796732 -54.524803 -15.960142 4.842914 -20.747797 -41.381538 -21.450966 -15.420492 -12.615742 -0.473039 -17.768806
-290.621918 126.943840 -40.729240 110.248672 6.501131 -70.115242 -10.909065 -5.184763 -22.901213 -32.939980 -21.487022 -19.905827 -14.904882 6.648746 -9.626745
-285.637512 101.292702 -30.270317 123.488235 -16.593876 -62.174751 -13.123446 -5.429361 -28.905949 -32.172939 -13.484932 -25.212992 -11.172182 4.488791 -5.155152
-278.982544 95.242111 -26.618523 119.992447 -22.625816 -50.825470 -7.207354 -2.005174 -25.343544 -37.713768 -8.171682 -24.976887 -2.920672 1.937304 -5.796443
-253.955322 101.433815 -40.796722 114.893837 -18.870695 -48.601166 -9.385408 -4.488886 -23.102980 -38.928143 -5.389992 -12.948792 -2.357709 -4.645677 -10.857937
-212.546387 109.059448 -61.829906 101.318909 -20.702440 -50.312500 -24.214329 -5.665591 -22.119934 -38.167599 -11.760270 -1.257712 5.609153 -4.576872 -15.594251
-168.957520 119.091621 -75.362823 56.343994 -12.199598 -56.203644 -31.259495 -3.892615 -11.027334 -17.457676 -14.538748 -4.816168 3.528192 5.161353 -19.680557
-160.681610 131.929428 -77.753944 13.189682 -1.648925 -53.524708 -35.131233 -4.894513 -15.973487 -8.339461 -5.103025 -6.764425 -5.353738 10.062299 -12.142625
-173.882065 145.855972 -79.985214 -16.456837 -6.979218 -35.588577 -39.561844 0.454199 -30.142723 -6.571902 5.377717 -1.204431 -16.365494 -2.800040 2.092501
-205.838501 176.113983 -88.987877 -29.967777 -17.779579 -29.483919 -39.117294 11.010662 -39.433296 -8.552651 8.739205 0.393650 -12.829960 -26.504627 9.438155
-268.413879 189.582336 -79.232635 -54.867012 -12.324564 -34.018768 -32.375500 6.449454 -29.310947 -18.808632 5.702410 5.371436 -16.769157 -27.019142 1.168757
-366.642456 166.328796 -54.257507 -70.784164 -16.039885 -27.892145 -28.248930 -5.202023 -18.173862 -23.271454 5.809298 7.808028 -15.395394 -14.112492 -8.375583
-463.885254 98.486923 -36.212147 -61.394711 -19.983570 -8.568450 -14.975063 -10.807555 -11.689081 -9.246878 8.253843 8.474983 -14.276246 -17.535633 -1.933511
-532.672241 50.700806 -13.622541 -37.606960 -22.317463 -6.386135 -5.406226 -13.022860 -15.497816 -0.685369 18.425747 14.581332 -5.661667 -11.010622 -1.074181
