city031_076
NYAKUSEI
27
-639.450562 10.599914 11.279978 8.104519 5.610281 3.573425 -0.832274 -1.837598 -5.682638 -6.396108 -8.003136 -8.589787 -8.141535 -8.056929 -6.830218
-543.534668 97.708748 86.600235 36.173733 13.669809 -12.063469 -38.741138 -17.221571 -16.180832 -9.656963 -19.758881 -17.301397 -11.780777 -16.258068 -20.079044
-453.884827 129.954941 69.562698 40.147224 15.020254 -32.201839 -47.483009 -12.479752 -18.326410 1.362981 -35.806236 -39.257965 6.023628 -2.924963 -33.137238
-343.809662 154.234680 -21.785713 40.763466 16.769958 -67.713264 -28.953644 6.846589 -30.951630 -2.549622 -29.027357 -34.602535 7.154747 -7.976219 -23.635624
-307.518127 178.216705 -85.227066 24.005623 17.017124 -69.818710 -20.503120 5.553953 -26.691643 -1.268648 -15.691243 -27.780457 7.884128 -8.960229 -14.722768
-303.180725 189.094696 -92.393433 8.589037 20.746609 -55.055367 -14.997210 5.214342 -26.327759 -2.349319 -3.336277 -19.547932 2.636773 -15.292494 -11.997500
-331.357178 199.963379 -68.168015 -8.572132 12.496622 -49.626232 -12.365246 1.221565 -30.588467 -11.702648 0.336688 -7.037529 -3.791251 -11.091685 -8.371338
-387.466278 181.613434 -38.046967 -13.333949 6.717834 -39.348660 -17.233589 -1.765456 -29.871935 -21.874598 2.882393 3.642527 -4.431614 -6.681015 -4.672266
-476.467346 145.302155 4.099226 -18.761539 -4.948887 -20.096951 -15.652674 -6.070254 -23.627998 -23.405128 2.994560 5.952415 -8.176138 -6.149966 -2.760037
-446.813416 119.958527 -56.346779 -18.227448 4.402263 -35.792183 -23.223175 -5.329505 -23.143566 -11.478943 -5.812403 -14.412693 0.638998 -4.178537 -12.639358
-305.986420 63.650158 -49.647682 -19.453661 -2.507435 -49.212509 -40.367630 6.382648 -48.763573 11.274569 -22.269722 -9.259359 0.798954 -12.246326 -7.351464
-256.444702 13.932951 -31.043339 -10.263990 -3.510131 -53.816292 -38.542885 6.176610 -47.428455 6.918002 -25.314117 -6.459005 2.277483 -13.338496 -6.918732
-270.729370 -25.328526 -27.376556 -1.248731 -1.642548 -52.144867 -29.959621 13.559078 -38.040871 7.789637 -28.189390 -8.493205 8.980042 -7.193726 -9.452848
-290.445740 -34.541504 -24.790073 0.105063 -5.894529 -51.065681 -23.731489 14.632261 -24.327507 8.832962 -27.453590 -7.778964 4.018353 -7.439734 -14.832497
-281.992371 41.499207 45.737255 36.470734 7.174078 -49.381893 -34.898766 -1.385766 -34.139454 -16.063229 -45.829735 -14.644184 3.724378 -2.365896 -10.368630
-270.416199 104.376678 29.923973 37.441662 14.894867 -48.922997 -49.998749 3.866798 -29.415920 -19.383974 -34.990360 -22.287907 5.236357 4.141580 -23.023518
-262.663177 124.595604 -12.350310 51.140228 6.871879 -45.875717 -59.897957 10.496471 -30.128557 -21.215893 -14.087284 -28.228668 6.661304 12.019270 -33.647522
-272.754822 127.613617 -39.172806 67.208496 -5.895090 -41.640732 -59.659615 16.744696 -28.182886 -24.141659 1.944818 -27.002174 3.430443 14.219517 -37.455780
-263.506836 120.238029 -49.242962 82.524834 -16.184586 -37.332481 -47.767189 10.705654 -30.377609 -31.782066 3.842692 -20.354942 1.757003 2.592856 -27.373304
-260.928009 111.529800 -55.964878 91.479507 -23.222805 -41.413727 -40.498539 8.997104 -34.426758 -36.045521 5.356481 -13.176709 2.001257 -5.411557 -21.803238
-276.129639 107.363899 -45.638371 102.707443 -23.537706 -48.304634 -36.386826 8.535329 -41.294189 -39.877197 5.967297 -13.579348 1.377183 -7.423366 -25.466125
-304.710693 113.190918 -29.934280 102.669495 -20.673683 -53.084084 -28.496511 12.481981 -46.334747 -42.210186 9.489280 -22.237944 -4.945467 -11.283656 -27.679640
-358.798615 127.987274 -3.177959 96.173004 -14.237082 -61.101570 -23.055016 9.340858 -49.801437 -40.617836 13.573946 -35.046944 -15.098446 -6.955756 -21.346107
-449.569885 127.961472 28.080429 83.692650 3.683039 -74.026703 -21.538227 10.844580 -51.957466 -38.704514 9.384604 -37.020344 -29.543755 -2.910405 -12.694313
-538.471069 93.923981 41.825710 60.993553 11.625165 -51.431778 -18.138283 -0.625082 -39.694016 -31.321119 -5.706006 -26.064539 -32.262154 -9.067392 -6.844587
-599.139038 60.873528 44.722588 28.784969 7.261702 -9.203008 -14.713291 -17.128603 -18.464756 -17.788765 -16.168879 -16.515589 -17.571014 -13.141053 -7.485090
-621.302185 36.867287 30.777670 22.120626 12.256561 3.267030 -4.111283 -9.441454 -12.217970 -13.148663 -12.406775 -10.159263 -7.470732 -4.593168 -2.097867
