city031_053
ZOOSHIGAYA
30
-632.170654 71.092018 57.894524 42.737175 19.239017 7.658546 -1.061638 -11.670610 -14.155943 -16.436897 -19.409634 -16.910915 -12.659317 -13.017044 -11.515509
-521.524963 152.038330 63.186050 49.305130 11.831945 7.394233 15.889758 -32.144512 -45.482239 -2.437495 -7.415564 -26.936546 -7.513948 -17.259592 -22.303740
-419.435852 123.026031 84.170029 26.036945 14.573139 17.363312 2.274429 -9.074098 -66.720779 8.597387 -13.956682 -28.060446 -0.924470 -9.381105 -34.606365
-327.098053 90.362793 65.636810 3.068990 -4.144238 22.456520 -9.427730 -0.332695 -52.246880 0.937732 -11.685436 -22.993069 -1.953956 -0.126943 -36.709053
-252.278595 100.655426 32.343616 -12.713257 -48.168716 13.394007 3.277834 -21.039131 -45.903015 0.726471 -14.914370 -2.509493 -1.335250 -0.279964 -21.462269
-219.318207 142.332428 15.309109 -9.833222 -78.246445 -8.353497 28.202286 -29.704109 -33.541355 6.074719 -20.192249 10.452684 -5.492954 -2.321077 -12.806761
-249.661041 169.219482 0.479305 -2.100259 -81.538605 -28.722588 46.602280 -44.238636 -27.715405 12.308618 -32.222435 20.614613 -10.609892 -1.088386 -3.959670
-305.675629 165.533722 -2.763587 12.862757 -80.822166 -25.776148 41.629013 -48.870060 -27.304321 15.759460 -44.075157 14.087157 -7.105892 -6.855784 4.956254
-274.763092 162.394470 -39.098541 13.799786 -88.881210 -16.597443 39.341160 -45.709137 -42.545486 0.293547 -46.655918 15.913704 -6.966062 -1.976133 5.845066
-223.221100 152.776337 -60.923172 14.275824 -79.722939 -4.245388 24.709843 -53.145287 -45.167763 0.677516 -36.338860 22.753359 -11.410262 10.450086 -5.307400
-179.055679 93.506996 -16.807278 3.237551 -59.888325 13.053238 -4.505707 -43.945183 -43.582077 2.595333 -16.100481 10.763208 -5.672784 4.576246 -12.858355
-194.099579 23.563999 14.893642 11.857437 -45.717926 14.078545 -18.943249 -38.623886 -33.670135 0.909420 -10.314920 7.562255 -11.541122 3.304898 -13.723821
-246.912262 -43.769028 12.364814 31.539938 -43.402473 5.574074 -9.256129 -24.750448 -27.623182 -6.324719 -26.946095 2.392249 -8.226965 1.363456 -19.582016
-209.922501 14.800982 12.975931 54.309994 -28.459610 -8.803518 -19.139889 -20.341501 -34.213898 -28.152351 -56.833664 -0.791249 -3.502184 3.987810 -14.277625
-187.502289 70.015053 -27.566345 66.948906 -21.848064 -24.688377 -19.207327 -9.078304 -38.981358 -33.785801 -52.061714 5.140356 -11.145166 3.055981 -11.039694
-211.476837 102.445328 -53.956760 79.334732 -25.557974 -37.875618 -16.625072 -13.509655 -30.937138 -45.064648 -37.586067 12.874118 -26.650894 12.706621 -10.928493
-271.221588 148.757523 -68.517960 82.827988 -20.443665 -39.305195 -7.277013 -35.268555 -8.700762 -51.894440 -16.348333 15.761230 -43.859810 24.594475 -18.582806
-282.566315 191.271774 -77.083771 30.198317 -34.317703 -19.498493 -0.792761 -43.743782 -20.371933 -36.098671 6.634480 13.046106 -34.774906 19.615284 -11.375521
-252.396652 203.704193 -90.986374 13.724575 -50.057236 -20.407564 9.930498 -49.978500 -21.134182 -24.132420 5.596153 21.514099 -29.634722 13.961382 -13.635677
-244.582901 203.466492 -103.577248 8.044493 -49.618889 -24.598827 14.599519 -44.131989 -16.984303 -17.368788 0.348222 22.577023 -32.499664 1.080265 -13.846317
-260.518982 196.048615 -111.959015 9.794838 -38.974678 -25.356449 10.952681 -42.680454 -10.709867 -5.282321 6.409701 19.599895 -33.413589 -2.553663 -8.974394
-281.213898 181.741577 -112.554527 26.027065 -24.548340 -32.440517 -4.165044 -46.709946 -4.534217 -6.040408 1.929401 9.620015 -26.507942 8.854290 -10.918217
-289.748993 183.434967 -102.308914 28.883404 -20.327568 -36.442276 -15.736995 -38.103043 6.029691 -11.711056 -1.683016 5.708614 -22.272844 21.863907 -6.600218
-279.381470 203.789551 -100.469788 11.933912 -19.126736 -34.213505 -16.896221 -27.968090 5.628720 -18.358204 6.592031 12.076518 -29.918697 19.945282 -4.115604
-262.864960 212.410248 -103.941849 0.912073 -24.255367 -24.847103 -4.085510 -34.146236 -3.262977 -21.219444 10.594291 21.704601 -38.847870 12.887165 0.364214
-283.357147 208.674988 -93.079140 -9.115509 -28.174671 -19.881351 5.532639 -37.837952 -19.477642 -25.621563 12.705448 28.404758 -37.231033 3.649946 -5.488672
-354.649170 194.609528 -66.909760 -28.122084 -35.485756 -22.152857 6.228586 -31.316183 -36.229275 -28.063736 17.676468 24.346298 -34.512756 -10.995047 -12.191802
-481.313202 157.139206 -18.200258 -44.763470 -38.557575 -16.713041 8.662575 -18.178452 -44.653336 -16.088303 32.188049 16.191923 -31.719654 -13.603218 0.836809
-558.969543 116.928940 6.767858 -37.522842 -32.413334 -9.895365 0.354901 -21.771545 -31.486614 -5.031623 11.604228 -2.268524 -18.381069 -17.191601 -11.494028
-618.025024 75.410698 24.750645 -9.561578 -17.431456 -8.603288 -6.112598 -14.956768 -14.960315 -6.025594 -1.829432 -3.872713 -12.124418 -18.871180 -16.589790
