city031_047
GUNMA
24
-541.544250 29.008644 58.433311 45.095573 12.934746 15.163961 -11.157606 5.264546 -13.504358 -21.307343 9.264744 -16.758297 -17.508289 7.391484 -23.212513
-463.107971 104.616516 100.099747 67.347198 6.179817 -11.917896 -26.420977 -0.472758 -21.677288 -18.873260 21.099056 -10.429115 -21.306025 5.276956 -22.484550
-331.859711 127.364838 24.357788 47.554977 31.043365 -14.353456 -30.403656 10.129526 -11.876968 -38.295410 10.863394 -18.046246 -0.762639 11.279419 -25.734182
-217.075470 115.645981 -3.625524 41.206726 21.877235 -25.530964 -43.250446 12.914377 -8.708943 -51.044582 3.138849 -13.878229 -9.200078 16.540541 -21.586208
-150.646545 109.030365 -30.704823 44.061974 14.166134 -34.194126 -36.531929 -2.156170 -14.001794 -33.579449 -3.026509 -9.668177 -21.190022 26.307514 -17.137796
-116.860672 113.729324 -47.847649 33.392975 13.287529 -49.521839 -18.183344 -12.909420 -15.234171 -18.674599 -11.507854 -1.041284 -39.009262 38.745178 -11.805671
-138.074493 124.205406 -52.835060 26.315331 13.193524 -49.456730 -11.448414 -14.909125 -13.966376 -13.180033 -13.983844 1.478646 -47.447311 47.567486 -6.898969
-238.880508 132.677734 -46.233742 24.361336 11.689152 -38.617447 -15.089865 -21.299213 -6.563464 -16.623589 -8.959695 -0.031567 -56.300018 54.719238 -1.203658
-290.211792 140.571533 -40.382980 43.241081 11.606281 -24.542929 -19.469143 -29.825008 -2.111266 -28.758623 -4.072951 -2.514668 -51.404518 52.782536 4.494146
-312.008514 147.245850 -28.120111 60.925735 9.006239 -25.874092 -24.687748 -29.039255 -12.024618 -37.324860 -13.115566 -8.324718 -39.290447 50.826500 7.024504
-324.833588 147.691010 -22.212690 66.773102 17.125187 -31.949463 -30.266289 -29.339039 -19.938927 -35.897316 -8.201760 -10.738068 -35.393829 41.595787 -8.583468
-336.261078 146.517578 -20.897589 75.395142 32.596279 -25.336283 -28.940323 -25.381573 -25.213852 -40.579784 1.088316 -8.657278 -33.720470 37.833385 -11.164335
-352.918304 144.102661 -7.026052 85.618362 43.134560 -20.281839 -26.280792 -14.803792 -22.023518 -41.203796 7.639881 -10.550514 -38.279984 35.167339 -11.319433
-375.752747 130.093582 -0.555844 95.469856 50.065857 -19.590225 -29.431683 -11.204390 -18.510519 -41.356750 7.648997 -13.120640 -33.463829 38.299858 -8.693216
-393.462982 120.179245 1.109576 95.389725 40.016869 -33.086082 -32.768814 -6.348453 -11.781137 -35.628624 7.381855 -17.437904 -33.196640 32.244064 -11.560253
-385.896515 127.736343 -12.515509 71.011902 25.556189 -28.492718 -8.182241 5.129791 -17.260235 -38.264679 -0.208444 -16.936922 -22.160238 28.796341 -18.237770
-339.989594 162.776031 -27.755699 35.916817 -6.645101 -35.430031 9.874706 8.796183 -15.759346 -31.879009 -5.842912 -8.268169 -13.417113 22.224384 -19.721935
-294.622437 192.023132 -47.071930 3.795839 -27.923889 -32.774784 14.248254 1.775843 -10.298838 -29.660969 -9.352379 3.554451 -16.512106 10.667459 -13.860422
-268.386169 207.655731 -60.258835 -17.716324 -40.967308 -30.120476 14.012117 -6.620385 -7.768005 -28.675678 -14.213600 9.449610 -21.206379 -1.796789 -7.610362
-266.760834 202.810822 -61.183723 -28.463390 -38.684181 -24.843250 13.041851 -6.543864 -9.546665 -30.658943 -16.005228 14.932585 -33.166458 1.123566 -4.593383
-298.080505 195.334167 -45.783863 -38.127365 -37.507149 -24.492752 4.772177 -2.124072 -14.863260 -41.291992 -10.896413 19.299284 -37.366013 7.192818 -2.897405
-369.742737 174.326141 -20.490177 -40.936790 -44.241711 -25.318367 2.702359 0.844239 -19.115210 -45.315014 -5.891887 14.992037 -30.197681 0.912134 -2.745974
-472.358917 124.633652 6.378997 -41.224789 -47.148743 -16.560905 10.608113 3.462826 -17.890091 -31.157696 -7.834298 8.218095 -10.924330 -11.342117 -13.382519
-539.375488 78.619659 11.738457 -34.657532 -34.983944 -5.654285 12.611783 1.905302 -16.225439 -20.291069 -9.959818 1.163631 -2.256072 -14.912231 -19.100792
