city031_064
PURIZUMU
25
-553.373474 33.743324 -27.478756 32.754250 -43.469719 -41.187744 12.629280 -27.082127 -43.477432 -12.601009 1.043325 -0.403662 5.622307 4.365242 -5.560709
-439.627655 69.352814 -20.960600 23.141228 -68.020241 -27.564529 -3.217613 -25.697567 -54.872543 -29.599472 0.510657 -2.059748 -9.249144 -12.792839 -8.557968
-392.950500 71.520447 -2.779196 22.332964 -56.752907 -20.651533 -7.111470 -19.691927 -55.012745 -31.484285 -0.546917 0.156455 -13.248497 -14.598368 -16.427080
-388.796844 102.908386 29.010792 52.428493 -32.622173 -10.062333 0.018952 -23.716679 -56.507526 -35.213028 -4.144139 -0.223367 -21.599207 -10.292955 -9.500979
-354.501129 148.525528 -6.717366 65.823288 -26.185286 -25.345127 8.428326 -47.550495 -43.398033 -40.885826 -2.427663 5.036816 -39.451744 0.360231 11.093033
-324.832001 156.159225 -40.993034 72.270767 -28.954674 -40.453712 15.048429 -52.099773 -37.474266 -37.384468 -7.099170 12.350359 -35.855282 -2.895932 14.121302
-326.283264 151.824936 -46.224651 79.989418 -32.059105 -44.331932 22.755529 -39.313019 -42.862518 -33.260788 -8.123747 12.275043 -30.356640 -9.213914 6.469694
-330.504639 129.207062 -22.389782 93.125076 -33.630756 -28.308054 16.440186 -30.351345 -48.424599 -40.319740 -6.052132 5.079691 -22.040070 -4.133130 -7.543843
-334.388123 108.319901 -7.224817 111.753319 -32.475838 -24.514828 3.310211 -45.260666 -47.335812 -52.552612 -5.632822 8.133738 -15.970366 -3.271723 -7.853721
-342.717590 106.458374 0.137548 117.734192 -28.092186 -31.177067 1.626429 -48.947144 -47.049530 -56.904564 -5.526747 17.129507 -22.606457 -2.627599 -6.204785
-328.573486 101.442612 15.146017 92.380333 -24.195782 -30.275509 -1.942795 -30.801258 -53.168427 -38.454422 -6.860607 17.438843 -24.036030 6.087895 -2.025105
-294.768005 75.568375 51.790310 40.210793 -10.528089 -17.539835 -20.465176 -9.448069 -60.077328 -26.678429 -7.344151 3.977369 -13.046352 8.293037 -14.214306
-302.762848 58.201012 74.956573 17.093210 -4.370583 -0.509486 -28.428272 -7.507968 -54.141300 -15.405517 -9.047328 -3.041152 -7.965488 6.681099 -15.913921
-315.396606 49.574707 78.784393 15.991756 -4.407802 12.230353 -24.235218 -13.356718 -58.227562 -11.567047 -2.288654 -10.392172 -6.879076 13.976355 -14.424501
-308.779297 65.811172 63.303814 19.834560 -20.407307 17.322586 -17.835037 -23.050062 -56.835815 -8.795588 5.698021 -16.536428 -17.344074 26.547623 -11.233025
-314.855774 92.940933 35.355095 31.043148 -42.542568 14.280680 -12.625070 -36.800510 -58.044926 -11.030293 12.554850 -9.593872 -32.946987 36.712875 -7.411556
-344.256256 114.415962 8.271621 43.174385 -43.464073 8.590536 6.153296 -47.855122 -50.312645 -13.665178 14.034605 -1.596161 -45.457733 32.344685 -5.149398
-369.524902 135.797516 -10.169964 49.329060 -32.325981 1.530976 24.895733 -50.795357 -36.311630 -21.759731 16.736719 -2.379590 -49.962223 26.355885 4.872216
-350.868683 151.218140 -23.174065 45.947918 -35.461174 4.277472 20.080780 -49.638420 -26.211033 -23.140860 15.813099 -0.460419 -45.391090 17.447628 14.741180
-320.010529 155.039627 -35.053490 28.875546 -36.761398 9.153640 20.913145 -51.303520 -21.635983 -26.921768 16.616135 5.023197 -45.763878 10.856628 7.800732
-310.228760 147.146790 -37.767513 23.259878 -40.807037 7.172526 16.804234 -54.792862 -24.509903 -31.545233 17.927040 1.894507 -50.002209 15.132951 1.697438
-335.316162 132.957611 -32.292778 29.016754 -40.915939 -2.279974 12.043523 -63.205437 -34.892502 -32.713463 17.563791 -1.193990 -51.861229 16.487690 -0.405102
-414.090332 123.915558 -24.141972 25.131878 -28.668673 -8.393488 -1.324093 -60.752506 -42.494652 -27.202847 15.420524 -5.074162 -44.589325 15.910191 2.712658
-532.910889 95.483932 -0.280840 9.335025 -6.290935 -9.979294 -23.963196 -45.370850 -29.486925 -13.541826 7.180087 -9.436592 -30.535507 7.896148 0.552239
-622.466675 56.243759 25.184406 9.353294 4.651361 -7.409299 -26.229248 -31.178877 -16.590332 -3.335608 -5.509070 -15.246650 -18.193878 -11.484884 -7.382018
