city031_015
SOSHIGAYA
35
-393.472778 -27.460457 -31.818371 12.722128 -35.396240 -19.721565 3.981635 19.128099 -11.322184 -11.741096 -7.038842 12.374733 12.015213 2.293229 -14.943411
-356.617218 -38.664356 -20.157223 -7.123676 -28.973175 -27.517185 -3.227665 15.063332 -19.516499 -17.412872 -11.464172 13.432743 12.507923 -3.686272 -16.235575
-352.167603 -46.173744 -8.131878 -20.563633 -17.561222 -27.006014 -14.217154 6.001677 -22.782398 -18.691183 -10.607835 9.089963 10.425940 -5.209831 -19.973652
-331.788116 -42.323933 -5.023631 -13.871777 -17.167862 -30.025948 -20.281139 -0.939254 -24.930119 -21.266237 -12.403960 6.324462 6.554339 -7.363793 -22.314674
-304.984863 1.061035 15.099255 12.189451 -11.696066 -22.645332 -16.224319 -0.778116 -30.912718 -33.052475 -16.770098 -0.750862 -0.341099 -5.100914 -18.004574
-297.306915 81.626564 46.417542 24.974113 -20.856791 -21.826654 -19.547514 -0.403596 -31.946827 -38.643044 -18.018768 0.481362 -1.586859 -2.283580 -18.064693
-325.906250 147.748779 54.110855 23.652300 -45.702438 -25.622658 -8.603611 -0.518442 -34.057274 -40.576721 -19.292507 5.052770 -0.716178 -5.423335 -22.200504
-328.881653 176.786957 36.187763 20.654114 -53.945343 -30.123276 4.869707 -7.169956 -36.150009 -37.788872 -18.848824 6.809821 4.926697 -7.492296 -20.485868
-287.341400 178.853119 1.399317 13.161324 -44.506584 -21.128176 13.198453 -25.759209 -41.005302 -26.360773 -11.473409 8.543349 3.242138 -7.414122 -10.586142
-228.085129 105.435829 21.480419 13.731874 -47.943058 3.887026 -5.875829 -19.390919 -35.079079 -15.200758 -7.772840 10.782732 -5.592463 3.423514 -18.789539
-221.455551 28.244133 35.255199 34.801762 -37.358562 4.543270 -15.812304 -13.996410 -12.962844 -11.328615 -10.015022 4.111457 -13.053379 1.108498 -14.719251
-237.164749 -30.744434 18.520876 43.074547 -31.661118 3.913083 -17.519070 -9.573953 -7.259599 -12.930964 -9.509842 13.259043 -8.423965 1.206003 -18.131655
-247.643692 -37.823792 14.130577 51.973461 -38.262283 3.174069 -15.883191 -21.448711 -19.072044 -22.218897 -23.072250 9.855383 -16.325684 -4.324953 -24.760880
-258.831085 8.425850 39.175674 94.172348 -22.928543 -6.744214 -26.691875 -20.601604 -23.939358 -31.424463 -39.592133 12.581604 -9.424751 -7.312976 -25.625404
-281.921814 54.349205 14.989161 128.823212 -12.010662 -38.145584 -37.425781 -8.684469 -23.612392 -26.946659 -44.182606 10.401234 -8.770268 -10.931202 -23.906223
-290.268982 78.486359 -23.471939 148.847137 -11.647043 -55.833786 -28.332369 -13.849596 -22.086605 -33.672791 -33.780647 8.608864 -12.120941 -6.633667 -13.080231
-306.393311 97.616806 -46.130741 155.525635 -4.609998 -64.321228 -16.770329 -25.502293 -15.412113 -45.152184 -25.281818 9.631497 -21.851454 -2.216416 -11.545389
-333.201752 103.314011 -39.914402 153.597839 -0.049754 -65.280769 -19.519981 -26.990540 -7.925558 -55.630947 -17.451920 11.890868 -28.076099 0.492704 -13.852848
-365.426483 116.853287 -14.171288 126.491562 4.443678 -47.809460 -27.878235 -29.851837 -12.634104 -57.243282 -8.409990 12.828205 -33.340820 -2.690228 -14.557671
-323.503387 184.742432 -26.312870 33.739830 -18.564270 -19.524910 -20.552279 -41.591972 -23.019859 -44.472034 7.101000 13.124508 -37.687393 5.157958 -1.713614
-263.824799 203.033081 -62.756516 22.331263 -29.350903 -25.734337 -13.494490 -43.609818 -19.403961 -40.547997 9.486822 25.540213 -34.600941 6.416982 0.300059
-247.877319 208.067200 -77.595947 13.311831 -35.445461 -32.099529 -8.772904 -38.178326 -12.692518 -30.986599 10.135927 27.563608 -35.251099 -1.678595 -0.170466
-251.875244 217.776382 -75.717918 5.148167 -29.928429 -33.262299 -0.461428 -26.430483 -8.559883 -21.079308 11.345104 33.455650 -33.139374 -11.211112 6.192544
-263.602417 224.105835 -68.406601 -2.371015 -23.871475 -36.313828 -5.379426 -18.632883 -6.327636 -17.772644 15.274091 36.208809 -29.816578 -12.221708 9.038274
-273.915649 216.695953 -74.769440 -1.013591 -5.678825 -36.796974 -21.632812 -16.923828 2.421865 -16.131983 12.425061 29.536314 -30.993557 -4.002006 11.409096
-291.616333 202.938782 -79.932480 11.295835 17.023264 -48.494614 -39.036694 -17.435497 -6.222147 -19.341091 10.002706 20.883324 -22.346745 6.932096 9.560633
-319.841034 200.447235 -67.998978 15.984610 38.960850 -60.744965 -54.562691 -1.274540 -17.714685 -32.896774 13.993690 12.317854 -16.427343 13.281582 -5.743295
-329.703918 199.284317 -60.571159 13.111766 32.001507 -66.474556 -51.613541 14.561069 -10.744621 -36.391052 13.727345 11.073463 -17.165810 6.787016 -15.531960
-311.399048 209.515411 -67.592438 -3.930639 23.749264 -48.392349 -41.492172 11.302254 -8.878223 -32.219440 23.989052 16.248035 -26.479198 3.601182 -10.339794
-298.751923 223.541931 -70.812576 -20.994698 18.689102 -36.188110 -30.407391 4.460599 -23.369019 -29.909363 33.333462 15.050022 -31.240984 3.175700 -8.499324
-301.448364 238.596069 -62.124435 -33.961815 13.254246 -41.573818 -29.903378 -0.021648 -38.729542 -30.458248 33.004059 9.882879 -28.429115 0.419024 -10.887586
-337.686584 226.361938 -46.079792 -40.194717 1.318246 -44.175648 -28.146866 -6.094967 -45.977787 -29.226938 24.848812 6.464435 -18.172821 -1.316374 -13.291547
-420.797455 176.941162 -19.781853 -38.417450 -18.025311 -38.857719 -22.332806 -9.863487 -35.229858 -18.763533 19.352459 6.514795 -10.872602 -2.320830 -13.107952
-523.320557 118.142029 20.270515 -22.705132 -26.786755 -21.028393 -5.679990 -4.544854 -19.626362 -12.878672 8.160305 5.703821 -8.023705 -9.893662 -11.279907
-587.099365 72.195358 39.224113 8.828043 -5.871659 -7.385906 -5.177721 -3.900035 -1.918311 1.855902 4.254011 1.827423 -4.214032 -9.183022 -10.212009
