city031_063
PINPON
25
-389.128174 35.616402 -42.077293 47.819389 -20.906475 -21.025742 -21.936783 -8.828950 -31.367861 -32.877296 -9.589603 0.486791 -11.496443 -13.188281 3.354638
-274.769196 72.242279 -18.389999 74.653465 -19.058205 -22.380424 -22.191933 -10.012224 -34.594509 -35.209801 -17.528000 1.561637 -14.677290 -13.850716 -0.609291
-255.025299 99.189697 -9.178329 94.282013 -34.225235 -31.258837 -4.376989 -12.907906 -31.853577 -39.698502 -23.042236 9.368572 -12.343835 -7.704480 -3.999660
-288.870514 126.927406 -23.567444 96.503937 -30.568451 -45.991562 39.674202 -35.004353 -16.996170 -38.283546 -31.121407 25.772257 -33.342896 12.285679 -2.021854
-294.002869 126.800476 -51.519943 89.488297 -15.649057 -34.090153 43.732037 -30.029118 -16.800880 -37.467678 -29.555065 26.324444 -39.386051 11.692318 6.520162
-308.385437 138.965637 -61.123951 82.820541 -7.573154 -19.448656 30.858677 -32.675018 -16.562618 -40.123394 -22.106382 19.403568 -37.338158 7.705145 7.630264
-334.539520 150.799011 -56.888680 85.723335 -2.456789 1.890033 11.113667 -45.113914 -8.463085 -45.002968 -18.575729 15.870575 -35.980507 4.957085 21.714397
-371.970673 145.426025 -38.036324 84.564438 13.373079 12.073584 -2.644878 -50.367432 -6.905820 -44.275322 -19.296329 14.639595 -37.551666 0.200270 28.696182
-429.567871 130.230606 -7.332725 76.539444 14.476713 15.036216 -8.271796 -40.354538 -13.577173 -31.552982 -8.394958 0.207937 -28.738148 -9.001520 14.732572
-500.027893 87.531952 14.228086 75.972870 0.793541 18.442141 11.283305 -31.554873 -34.507706 -17.484955 0.853469 -12.286995 -10.962497 -16.614639 -7.651253
-573.785889 54.282448 18.770880 62.411995 -2.398817 9.332533 20.931087 -23.842022 -38.616043 -16.220877 -7.505911 -16.650156 -4.976218 -14.038007 -13.751469
-600.870544 68.400894 8.011461 6.487042 -3.356846 0.711003 9.416623 -18.418190 -31.580677 -17.315023 -5.969654 0.365297 -7.959691 -20.003960 -13.003576
-401.395660 109.215889 -10.157366 4.839007 -21.397655 -7.966846 -4.389331 -20.992664 -43.068062 -14.804089 -13.096535 9.227104 -8.545188 -7.586084 -19.516657
-338.515442 148.299881 1.912194 5.904202 -34.670593 -22.116419 -8.330798 -16.118332 -39.868561 -13.674867 -12.033962 6.483005 -11.801988 0.612357 -15.631571
-345.099243 195.251099 6.619406 4.927742 -47.602657 -46.444801 1.373912 -9.535501 -38.783600 -16.483719 -5.730754 6.913857 -15.758752 1.544719 1.782334
-332.619019 208.405319 -28.157478 12.008890 -37.470360 -57.744831 6.090220 -21.544907 -36.920502 -2.890487 -13.748892 15.564062 -8.775400 -8.305223 13.565933
-326.664948 194.711121 -47.952095 18.527943 -21.495815 -47.559036 6.462822 -35.581627 -27.684258 -2.045705 -20.869915 22.563629 -15.184530 -13.629444 -0.276189
-327.868011 188.296875 -53.157516 23.178272 -19.779667 -37.002808 6.361396 -39.739098 -13.689779 -6.845048 -22.911299 22.386024 -23.504717 -13.347770 -1.924271
-338.196503 181.842651 -50.335091 30.092386 -20.724354 -13.969154 2.331723 -45.893475 -5.673993 -21.465843 -13.136665 27.987236 -26.754917 -12.758638 4.492116
-363.164825 173.769241 -42.889423 33.085209 -12.865067 3.077075 0.748132 -49.569786 -9.905033 -32.844284 -15.538319 24.656984 -26.022154 -10.096256 9.341364
-401.113831 167.103821 -27.453262 30.541267 -1.055437 14.425329 9.131960 -41.819061 -16.682022 -36.248852 -23.565849 16.076670 -15.365517 -4.175036 8.394048
-458.959778 162.452057 2.403406 21.597294 16.968876 27.504158 11.098881 -33.104900 -30.663387 -46.656807 -26.382233 15.411108 -0.462486 2.909401 4.360508
-534.516296 149.157852 36.223774 4.795281 19.098946 26.253857 8.542571 -21.512009 -40.826218 -43.458725 -21.923359 2.702012 1.876917 -3.689550 -6.037519
-609.723206 95.651749 48.207230 13.924965 7.281357 11.054263 4.179954 -14.059431 -29.129414 -30.552780 -20.491566 -8.392046 -2.843895 -6.540514 -14.783089
-644.182373 62.656425 46.176392 28.539200 14.419780 3.247134 -6.215745 -12.929311 -15.561678 -14.913866 -13.054752 -11.370310 -10.449034 -10.598611 -11.198109
