city031_067
KYAKUSHA
21
-611.988403 14.692926 25.919727 51.357014 -29.833689 -37.405418 1.077367 -11.544902 -26.403376 5.894929 -0.863851 -23.294975 -7.146093 -4.271504 -11.976603
-396.076630 32.611366 8.883350 73.052177 -67.683014 -58.406174 1.873645 8.989891 -38.455193 -18.514318 -4.640985 -6.344454 -6.881309 -14.918884 -16.989582
-249.991943 99.059601 -31.881897 38.210823 -45.203876 -29.887480 -5.631797 -9.446047 -35.886803 -10.463393 0.303553 -6.293247 -11.218287 1.471685 -10.560947
-204.672653 146.208206 -57.639786 16.088455 -36.571091 -24.650906 -19.325779 -6.763292 -30.000710 -1.510086 1.395686 7.461721 -18.902273 -9.219046 2.950685
-203.917831 153.173004 -66.621208 3.928722 -35.617607 -22.541153 -22.272478 -10.308092 -23.383148 -1.067827 -1.102140 17.445248 -23.039703 -9.251684 -1.640242
-208.313675 124.340141 -52.662346 2.345689 -25.360180 -21.547550 -24.181751 -9.813167 -20.873932 -17.853222 -5.012855 -1.364504 -12.386613 -3.119544 -26.901117
-261.442505 111.224930 -34.836517 18.943939 -10.541793 -12.603090 -30.047108 -8.554811 -22.762243 -18.269964 -4.423445 -5.466009 -5.295487 0.027568 -31.026466
-278.240265 99.677475 -41.131927 10.754564 -30.655239 -3.409073 -27.436687 -1.299859 -28.194895 -20.234529 -7.782920 -14.264891 -1.835421 -5.896283 -2.887106
-248.157104 32.495220 -48.244968 -4.291077 -37.161972 -24.946678 -31.284130 -7.199111 -35.385899 -17.721382 -13.993553 -12.700013 -5.240568 -6.662147 -3.777425
-285.732147 -28.760933 -38.840279 0.825873 -40.698708 -33.465179 -33.871727 -7.620254 -27.343830 -13.322714 -15.680386 -5.780069 -9.609446 -10.570637 -9.431660
-353.878723 -75.181641 -18.513725 8.667969 -52.643578 -23.583801 -28.271759 -10.324974 -17.053024 -11.532886 -16.734825 0.210803 -9.319647 -5.529153 -3.164552
-395.011749 -111.360962 -5.549542 32.018517 -64.301193 -25.481243 -20.350027 -8.482943 -12.537100 -12.273509 -11.872757 6.987888 -2.231668 0.093348 -9.791033
-316.047821 -30.448236 23.248180 52.667213 -62.114052 -28.612944 -23.996712 -14.588150 -21.955965 -14.580004 -13.007489 0.325912 -9.149399 -7.085120 -11.867766
-232.548874 83.467377 4.842742 15.571564 -71.104889 -20.666237 -18.964306 -20.638458 -31.142313 -3.988281 -5.891017 -9.652176 -15.333082 3.407399 -9.995729
-231.420181 158.816681 -38.597473 5.090694 -64.875168 -30.721905 -10.858275 -12.009918 -36.778538 0.286400 -0.756926 -6.640451 -18.444611 -1.280633 -5.657340
-256.798492 198.880981 -64.861008 0.963159 -67.016388 -39.318192 4.008999 2.633858 -43.756660 -0.103650 11.041917 -2.309231 -14.923983 -21.324429 3.715092
-281.933624 213.056915 -43.106041 -10.969872 -73.431068 -56.843227 17.857384 12.306189 -57.535446 -9.860123 17.466795 6.072613 -21.403790 -39.546299 -2.089282
-331.254364 202.484314 -18.329231 -16.483429 -85.789627 -65.267075 24.487141 21.006960 -70.888000 -23.078398 25.024860 12.194009 -25.890652 -45.530357 -7.840932
-433.600250 177.359772 -24.908443 -35.297409 -67.833023 -54.004562 10.816938 10.246824 -52.958740 -18.291763 21.870922 2.926393 -20.385555 -29.343327 -13.200010
-521.016174 135.428986 -53.916771 -57.423187 -13.632601 -25.157457 -27.136541 -5.764553 -5.869369 -10.120909 -2.302473 -4.746861 -11.559196 -15.155726 -17.658056
-537.891479 103.573189 -75.602875 -55.865990 -3.830583 -16.460621 -30.444086 -7.481065 1.092427 -4.478257 2.053747 1.331320 0.126251 -7.716617 -12.524666
