city031_086
RYUUGASAKI
32
-573.596497 48.550575 39.171894 32.377880 11.644048 -2.409897 -6.392138 -18.324081 -21.329248 -14.226505 -16.969442 -15.234350 -7.238205 -10.951792 -11.810043
-398.372894 71.837563 11.477005 61.470673 -35.955338 -13.569050 10.449942 -25.552492 -19.766296 3.762370 -20.259861 -7.345520 -14.899874 -17.278381 -11.536607
-311.570374 54.952156 15.993620 66.033478 -42.036499 -11.977022 2.137895 -20.816824 -23.529579 -3.901739 -18.028755 -3.971908 -14.371465 -15.736675 -7.594440
-284.074341 61.025436 5.862574 89.624138 -34.258141 -31.618536 -1.574123 -16.976475 -36.272114 -12.897579 -11.087577 -4.558832 -13.997812 -7.369883 -9.064339
-256.363037 93.442444 -32.476624 88.761627 -25.240063 -41.616489 -0.501171 -33.426132 -24.044174 -20.089073 -16.444487 -5.505514 -13.530682 -2.183493 -10.395857
-231.252380 119.727173 -66.025459 61.043240 -26.451984 -40.026516 -1.497392 -54.372932 -8.648949 -31.446178 -12.573637 -8.468731 -21.984190 9.096561 -7.541724
-220.176712 142.729156 -77.618546 42.295021 -22.810913 -28.295950 -11.196014 -57.719803 4.150977 -31.265118 -4.220925 -15.597617 -22.257935 10.714479 3.281331
-232.125748 148.553436 -66.830200 24.427628 -10.754261 -22.554466 -13.675600 -54.862572 9.256517 -36.191696 -4.624671 -12.070706 -26.405025 11.344374 14.340450
-253.923065 139.513519 -43.465858 18.974676 -7.285075 -12.671936 -22.547920 -49.630093 9.563728 -37.883678 -4.233832 -0.303647 -33.173691 2.692495 20.651852
-259.443298 135.176971 -15.556198 18.303917 -15.870022 -6.457275 -19.780087 -35.580605 -8.319199 -30.049795 -0.595092 -3.626688 -32.262962 -8.697594 16.628889
-278.985352 132.511734 1.564612 10.401304 -25.164471 -0.494887 -10.843689 -30.209801 -23.812229 -19.341599 7.256709 -10.819453 -21.578407 -9.394450 5.745008
-244.944733 138.619843 -28.804302 16.701714 -37.633949 -8.138398 -16.829403 -40.832695 -20.296846 -23.048096 17.276711 -1.754611 -28.503742 -3.061649 8.233532
-225.019257 157.696808 -63.773518 33.692513 -54.566437 -24.985458 -6.997270 -55.876572 -17.375313 -12.990829 17.378048 2.650101 -36.227470 8.009043 3.943107
-228.368378 157.716156 -63.391445 19.288090 -59.237457 -29.349308 9.044020 -53.633209 -23.240427 0.442208 10.652283 7.686350 -43.130974 17.205008 -6.619618
-211.657333 105.956863 -16.383129 -9.886401 -45.282017 -5.194031 -8.433435 -24.304176 -34.063152 9.401978 6.982235 -2.951564 -25.973446 9.280187 -6.276787
-238.373566 49.040977 21.341717 -8.358489 -29.141342 2.130613 -11.689102 -15.582001 -32.942703 6.584266 1.767395 -0.851862 -15.540168 0.159984 -1.071298
-280.740479 9.355728 18.753019 -8.306494 -36.852211 -9.580620 -13.091990 -6.067420 -28.777134 1.563484 -8.327992 -4.754505 -13.759888 -4.017682 -5.406276
-261.529114 92.338516 35.819427 -17.823446 -51.733475 -15.804577 -19.637043 -16.234180 -41.668747 0.123522 -0.151827 -5.815707 -13.823269 -4.340543 -17.350267
-281.412323 160.368790 11.931028 -34.156715 -39.094688 -15.632469 -21.983402 -17.441004 -45.875374 3.408111 15.895687 -16.114975 -19.896416 8.542048 -23.795265
-318.380524 183.123322 -28.810291 -20.920332 -10.494778 -34.195007 -26.759634 -14.946381 -35.730850 -1.668226 17.637558 -17.253273 -15.501735 11.487640 -17.447117
-356.104523 170.708755 -23.526886 12.826389 3.375953 -43.168655 -27.487549 -17.661633 -32.293022 -10.393625 8.400007 -22.396034 -9.237003 9.438046 -14.853037
-418.859680 127.358467 7.647407 21.862165 -0.694294 -27.075121 -29.982283 -17.140144 -35.404991 -5.171057 -0.254656 -20.817131 -3.331964 -8.858843 -2.973882
-448.103180 35.519558 4.693470 60.113594 -61.477959 -9.818578 3.370757 -32.398582 -15.063330 0.172645 -12.559137 -9.690971 -7.143220 -16.460543 11.833864
-397.938995 48.012444 17.267990 85.036163 -72.975075 -14.713464 4.103489 -45.634167 -13.586880 -16.576000 -14.281298 -24.501019 -21.693752 -12.659348 10.818129
-356.216461 73.766052 23.370348 117.732620 -57.981064 -30.950993 5.874846 -33.677414 -27.918560 -26.913563 2.441504 -24.126574 -22.080843 -3.039130 2.709614
-349.376099 87.930618 15.526365 135.448700 -52.858849 -52.025249 11.471161 -22.359772 -28.106937 -34.313831 10.254717 -16.866570 -24.577267 5.349709 -12.225607
-363.603851 93.880966 16.243898 141.049347 -43.395546 -62.081963 11.670013 -17.466560 -24.025785 -30.434769 8.153420 -13.039182 -30.411440 6.956937 -12.166941
-394.267426 99.624695 29.768555 131.517395 -26.378925 -66.719131 -1.903206 -16.829370 -29.780418 -29.017622 6.987631 -16.533499 -32.248901 2.092031 -10.842410
-450.645905 94.066292 40.795700 103.077393 -11.954561 -59.721508 -6.401361 -17.878872 -47.601036 -31.138947 3.522072 -23.391415 -28.240099 1.898507 -12.275494
-504.390137 89.278839 26.932789 32.586555 -2.568514 -26.586124 1.916701 -15.105951 -57.110283 -30.350567 5.065159 -11.940804 -15.115871 -6.682822 -21.511749
-519.222290 92.057159 25.724560 -2.996829 -10.955402 -4.755612 0.915821 -20.275269 -38.009781 -22.202049 -0.986443 -0.173975 -8.612972 -11.756897 -14.457748
-538.355957 79.773621 32.169495 3.250618 -6.724697 0.360292 0.926345 -16.860332 -24.066124 -14.707038 -3.268062 4.573165 -0.774063 -9.809421 -9.413239
