city031_066
POPURA
20
-471.520844 170.624237 26.156094 -14.877905 -22.300663 -46.004997 -32.680756 -10.242069 -10.625019 -6.824556 -7.258436 -13.453624 -16.992081 -10.899461 -13.731715
-397.310608 212.953766 41.714462 -8.998320 -45.124901 -60.477654 -13.571874 -1.520044 -27.038498 0.073318 -14.513885 -15.772972 -7.180263 -5.547847 -15.622970
-375.561554 219.900116 48.483871 -5.353456 -51.926086 -51.063667 0.211359 -2.055018 -43.444496 6.386646 -14.508365 -22.640764 -8.689995 -9.069320 -4.897120
-414.406250 213.919312 58.640869 -3.842219 -45.232426 -30.482649 7.790149 -6.236520 -48.370575 -4.220984 -9.600180 -27.488586 -12.894428 -8.389074 2.827130
-497.411682 177.222809 68.267548 -1.634946 -28.212017 -16.752144 2.815375 -12.732765 -29.221853 -16.219990 -15.166209 -24.755293 -12.441557 -3.390531 -6.250494
-489.709991 107.164490 1.544188 27.249926 -8.558114 -36.078461 -9.605215 9.063746 -31.662163 -24.295094 -2.611200 -29.278736 -15.223051 -2.591224 -6.034085
-395.440704 109.928001 -25.695599 20.080030 -20.772316 -34.155415 -24.490002 16.834839 -28.338049 -16.154915 -9.469508 -27.270597 -13.587878 -0.461803 -6.173573
-358.072571 152.019348 -9.901602 34.581367 -5.078292 -27.282389 -26.074631 3.602670 -31.144089 -21.234613 -12.767905 -29.997639 -21.356915 1.374286 -6.934628
-351.344421 173.802765 -16.038185 41.026569 7.832398 -32.446831 -27.480417 -8.940696 -29.179115 -21.408037 -5.482125 -22.032412 -37.732841 6.860030 0.469901
-327.226135 179.151306 -33.371834 35.193314 5.009875 -34.134163 -34.770340 -13.316303 -28.483753 -20.415569 -2.992929 -17.353378 -35.390469 7.507915 6.701065
-312.982666 191.121323 -51.757767 28.127865 7.574153 -43.794281 -31.441494 -13.205406 -27.534737 -17.543472 -5.994054 -8.159489 -23.327415 -3.701007 10.916814
-315.365540 198.213989 -57.180550 13.339201 19.573719 -51.396931 -20.228268 -14.474600 -38.140011 -15.182714 -7.648022 -6.138050 -13.645090 -7.062772 2.352877
-301.508636 183.644699 -42.624985 -4.074586 3.903890 -65.130173 2.010892 0.000042 -50.808372 -7.785177 -5.174488 3.338646 -31.896175 -0.633253 -7.066796
-288.899994 177.383057 -25.567795 -7.948966 -27.377705 -78.837639 17.962173 15.017963 -54.965580 7.522738 -3.514350 23.054989 -42.166512 0.353922 -0.616799
-285.963837 178.916077 -15.783501 -12.944340 -46.512562 -78.373032 14.473159 27.093718 -50.124107 8.752724 -10.325073 23.889931 -35.213539 1.148947 -5.372056
-292.943573 187.313080 -11.663464 -20.092058 -55.884346 -83.837173 6.068294 32.473984 -43.948158 -4.315218 -16.581081 14.341721 -26.208168 14.332304 -7.818735
-309.102600 200.857819 -6.447838 -35.616524 -61.457626 -83.267548 -6.212211 35.586452 -51.143044 -17.338402 -9.184782 11.778115 -18.451984 10.325073 -14.679723
-370.348206 192.949097 -4.486336 -51.185204 -62.176773 -72.413292 -12.082632 31.777996 -55.171101 -24.701422 -1.785771 13.119970 -15.737690 2.556231 -14.141685
-489.368408 149.333145 0.940272 -53.067665 -60.920639 -53.214569 -6.363171 6.518708 -36.578453 -32.488876 5.748333 7.929140 -9.319496 -4.791820 -12.634240
-554.575256 110.697342 18.528530 -44.970428 -56.591759 -32.308060 -3.900448 -2.161269 -18.756367 -20.300398 -6.514770 -0.569405 -5.032218 -11.899405 -17.886253
