city031_001
AZABU
26
-527.472046 134.186050 15.232438 -25.164242 -33.472511 -35.391792 -11.443356 -0.613007 -15.958321 -15.628483 -4.381226 -10.880692 -18.913445 -11.779243 -8.771784
-395.602448 178.142380 -42.058392 -6.539216 -29.126701 -46.465309 7.561790 -12.443558 -22.436230 -0.261683 -10.519947 -8.671327 -13.210541 -16.619612 0.486234
-325.312927 194.503601 -67.222687 0.916553 -41.760811 -50.071587 17.274410 -19.498238 -15.476789 -2.069235 -15.460545 3.190465 -17.752012 -14.552494 -1.313867
-305.259857 194.363159 -71.161308 12.296721 -43.914322 -49.793011 20.993914 -20.872021 -10.316082 -1.870765 -16.179119 7.616335 -19.625330 -12.251917 -5.159659
-319.397491 190.285767 -63.797470 22.336231 -36.791016 -45.132008 21.636740 -16.609720 -5.149366 0.910819 -15.915387 4.831288 -13.886255 -7.917104 -5.435751
-319.070068 200.628632 -55.357925 16.477879 -40.201332 -40.750637 18.227177 -18.376650 -4.647576 -0.115656 -7.910094 7.449271 -9.523700 0.647933 -5.478284
-300.548615 204.241760 -51.721916 16.771093 -49.026493 -28.908678 10.090897 -32.624817 -8.921499 -9.215130 -2.522960 10.557598 -8.255989 9.539513 -9.978380
-284.704224 178.014755 -32.001770 6.479643 -32.418755 -29.965740 7.343477 -44.883423 -13.299377 -15.948305 -7.883527 8.638750 -15.048580 12.710166 -15.654981
-294.786957 133.483093 12.788973 -1.011973 -6.821646 -29.432461 4.507558 -37.080555 -22.915968 -11.510282 -10.983966 7.141623 -21.471071 13.460737 -17.847391
-315.770874 96.469772 40.998573 22.168545 2.507681 -20.739525 3.918236 -26.419315 -25.453312 -8.621540 -18.049025 11.091778 -24.946789 14.477030 -14.654339
-264.635498 105.407310 9.117710 32.155998 -18.029873 -16.835546 0.568926 -34.893387 -24.897682 -3.018126 -26.204071 13.767807 -28.308601 21.099560 -14.236926
-235.674530 125.130737 -24.803547 38.240944 -40.108059 -7.547554 -0.473424 -40.477493 -31.044865 -1.305325 -30.048952 17.211416 -24.930765 16.653662 -11.023695
-230.295181 140.487122 -53.387230 35.929604 -56.948849 -9.709551 3.770930 -32.292446 -33.846367 1.330657 -27.566656 17.495148 -17.852594 9.554978 -1.411872
-231.372253 158.863235 -66.967934 32.362801 -65.980377 -16.677336 6.236569 -26.255978 -36.087433 -1.560614 -31.643673 14.498574 -9.349407 4.004301 3.669403
-247.236710 167.677963 -67.870041 31.153164 -61.545643 -22.823631 8.718141 -31.195744 -36.796619 -5.048354 -35.751591 13.376295 -4.540138 3.482187 6.086771
-264.156219 175.538361 -63.405979 37.233589 -55.279099 -22.652161 17.185179 -35.197418 -35.980549 -7.502660 -33.833672 3.956791 -4.217257 2.128351 7.581437
-287.833771 183.601120 -46.841545 49.962849 -41.071281 -16.239157 22.972237 -35.486008 -30.332355 -15.674142 -30.480038 -1.763991 -4.586067 8.894608 6.358471
-340.671417 183.839539 -25.326973 50.994614 -23.013733 -9.689928 26.281887 -33.954967 -25.350393 -26.449451 -25.272156 0.328316 -8.798271 9.515530 -5.052345
-332.251831 178.117783 -33.674210 66.330841 -18.600231 -19.430195 22.690697 -31.654461 -13.729570 -18.818008 -18.030029 1.001925 -22.059860 5.916132 -1.243394
-324.288025 172.058807 -43.144566 72.495995 -21.481295 -25.929359 19.684603 -34.843956 -10.342678 -16.810215 -17.033501 -0.433126 -26.139923 9.789147 3.525125
-316.033081 176.418671 -46.785820 72.288101 -23.800476 -38.009460 9.478311 -33.584236 -12.575323 -27.197842 -20.443977 -2.071909 -19.095772 20.768291 -1.983280
-313.612457 182.527527 -39.383774 73.607361 -23.892426 -43.335701 -0.721379 -34.028076 -10.718578 -34.516483 -24.100399 -3.470205 -17.168064 26.380478 -5.422392
-355.589325 169.802643 -24.355209 66.386734 -20.458481 -38.362221 -9.152187 -35.903694 -12.795596 -35.120590 -21.632618 -3.508404 -16.530029 26.327042 -6.692066
-450.536041 140.898041 3.375641 41.610008 -13.174641 -26.773970 -13.223949 -27.591557 -19.923347 -33.452404 -12.871693 -7.308748 -17.249952 20.512037 -5.494102
-555.357605 110.404709 37.679031 17.647375 -10.634002 -22.255272 -18.397789 -23.587284 -25.517651 -16.136627 -4.049459 -16.545740 -16.084509 6.177512 -10.405974
-613.509827 80.483231 54.136948 23.365135 -1.869669 -17.475470 -23.992626 -23.497219 -18.413452 -11.772448 -6.632532 -4.579294 -5.126396 -6.663314 -7.703403
