city031_056
DOOTONBORI
32
-643.718933 5.815263 5.240810 4.331610 3.155762 1.800547 0.365222 -1.047049 -2.337454 -3.419264 -4.224334 -4.707896 -4.851232 -4.662065 -4.172750
-568.112061 104.675049 82.739769 53.917061 25.307430 1.817325 -14.128969 -21.923510 -22.493866 -18.241772 -12.423483 -7.996383 -6.619097 -8.212818 -11.121461
-486.246979 157.425842 74.343765 17.059105 17.956821 35.453079 -8.963011 -26.676025 -45.215866 -15.112407 -2.138643 -13.079845 -0.876304 -11.535111 -1.257854
-363.852173 168.169724 30.533106 1.139455 -33.733124 33.164715 16.086252 -22.544958 -63.845741 -1.499367 -12.035695 -24.561357 18.705500 -5.393281 2.179954
-303.972839 168.076065 12.041748 1.348838 -63.089020 -1.551864 30.255539 -30.077953 -64.750679 0.540859 -25.159721 -13.842353 18.294193 -12.944195 4.770386
-308.325531 174.509552 8.669589 10.659054 -81.448349 -31.855343 49.262970 -36.597565 -53.857262 4.691526 -36.699898 -1.768095 6.842567 -23.579735 12.515082
-308.373199 169.859375 12.356180 24.374229 -92.270981 -40.419327 45.430405 -38.053917 -43.821533 11.247660 -34.106319 1.651276 1.659689 -20.790607 18.001060
-306.594177 166.470108 12.206015 32.429573 -92.549088 -38.334274 34.312271 -41.580765 -39.884155 12.620484 -36.441719 3.628436 2.289184 -16.324890 22.213627
-313.080933 164.871613 2.499429 30.190002 -92.762299 -32.958729 34.827660 -37.589043 -38.567551 -4.414036 -44.340302 15.202766 8.300540 -15.156017 14.679729
-320.276459 163.498169 1.961641 30.939070 -91.754211 -22.897329 41.767570 -35.068089 -42.411415 -12.083946 -40.692657 21.228771 0.627235 -22.056747 7.180609
-357.656403 160.026764 19.048635 27.621073 -80.715714 -7.954945 37.519279 -40.753761 -43.768410 -17.961472 -30.842716 16.101555 -8.470519 -26.572424 -1.616205
-423.056396 127.279556 26.878731 20.163567 -56.601280 11.644019 6.268074 -22.684807 -29.207027 -39.297966 -9.608727 0.866658 -5.815876 -27.780396 -11.887669
-319.557007 120.474091 0.657562 22.166893 -66.527763 5.299604 -6.668300 -11.012679 -39.161224 -39.964130 -12.790353 9.742197 13.684498 -19.025787 -14.052629
-247.489761 140.819763 -8.883182 26.853243 -76.981567 -1.021432 0.356559 -20.006565 -33.107849 -30.178120 -17.668865 12.192793 10.061613 -12.227193 -11.107103
-257.157990 149.762360 -30.750427 31.907753 -72.146675 -16.735994 13.668928 -35.876842 -25.685467 -24.152950 -17.944633 16.507380 0.338203 -16.694210 -1.923748
-309.188873 146.020050 -46.914459 49.865417 -55.121780 -27.365704 25.486809 -55.030754 -14.547089 -28.505566 -24.312111 20.773327 -20.414211 -16.294474 -6.745943
-331.700287 137.196686 -42.759876 65.409218 -41.313488 -16.352333 17.098522 -54.221771 -15.037037 -31.218670 -22.360046 14.782202 -31.487503 -17.091936 -0.010525
-348.062988 127.678413 -37.599304 76.113640 -32.277161 -16.953014 19.925507 -53.127666 -19.060253 -27.291462 -25.234520 6.430104 -27.087860 -9.698618 4.412783
-352.920258 129.301483 -35.566765 78.088890 -26.592190 -15.012207 34.536003 -44.695450 -25.964388 -24.365334 -29.243855 -0.137924 -14.925394 3.741974 7.124875
-358.769836 142.904480 -25.331911 69.435593 -20.656193 -13.151464 40.696129 -34.226601 -35.862125 -26.779520 -31.656055 -10.999231 -6.911287 7.162593 -2.829750
-369.173767 168.868835 -1.638831 43.245010 -34.423325 -15.811279 44.546246 -26.561035 -45.119480 -25.474884 -25.902935 -14.051104 -1.999650 6.124800 -9.301952
-364.704010 191.125671 3.707220 24.485229 -45.935287 -26.966171 54.507179 -27.142550 -59.735126 -13.622672 -20.205996 -6.322618 -0.175351 -10.942778 4.846383
-334.865906 185.858383 -23.048141 23.579182 -34.179161 -32.265999 42.524971 -34.258884 -60.872242 -0.466546 -27.394310 -0.352892 7.553560 -7.951416 7.506102
-309.539948 173.146332 -62.639893 18.742886 -10.949706 -30.040384 36.307617 -35.547714 -68.390106 4.722723 -18.583672 11.290070 1.987085 -11.238972 7.021540
-293.769196 169.313477 -91.431107 23.315275 15.358846 -29.638741 22.946035 -36.297729 -64.581810 4.136828 -12.034253 12.724880 -4.433299 -18.481668 5.730174
-281.741943 151.399567 -93.185501 55.346542 15.536262 -25.838963 7.991116 -38.731739 -43.667397 -6.710892 -3.580380 9.812222 -11.333113 -5.944409 -5.813131
-290.893677 120.984177 -76.200623 93.000710 11.886280 -34.445423 10.581834 -30.519751 -29.262280 -24.232519 -13.475492 6.516487 -10.291521 6.165539 -8.197982
-320.591858 116.044739 -44.657578 106.781227 0.176370 -40.606148 13.714546 -28.457630 -27.783983 -36.662781 -21.007902 -1.026278 -9.516718 8.952116 -0.197755
-374.748535 117.142487 -9.916341 109.130859 -19.043415 -44.378250 7.151104 -27.738224 -26.169998 -39.978249 -25.557220 -10.198709 -8.034597 7.937860 0.087301
-451.160309 99.464981 22.590702 92.740967 -27.648516 -53.254879 0.570768 -14.272042 -34.217873 -50.305042 -26.536217 -16.651428 -12.880240 2.044264 -7.096886
-554.867859 69.119637 34.640488 46.816315 -11.855789 -37.676708 -14.219773 -17.027618 -32.520348 -26.473083 -13.352448 -21.964615 -16.907297 -5.506620 -8.087162
-611.625977 47.181679 36.266624 21.820698 6.573175 -6.405114 -14.751454 -18.831001 -20.100904 -19.147259 -16.940155 -14.885084 -12.833687 -9.979253 -6.765003
