city031_042
REBUN
26
-534.237122 87.258041 53.256104 42.076515 12.197199 -15.729381 -4.392248 -2.280233 -25.888727 -23.620230 -9.670979 -20.612213 -20.069014 -0.007047 -4.590110
-449.079773 140.293274 51.049103 60.320869 0.934358 -40.413055 19.827335 15.266640 -39.421772 -23.882374 -10.104794 -27.710163 -11.497866 5.582699 -11.792498
-342.016632 95.753983 20.622471 94.499664 -20.582071 -22.444448 -4.703260 2.772482 -9.119288 -28.944443 -24.639225 -18.282871 -1.424656 12.540886 -32.173592
-257.732788 92.623482 -1.244337 83.252480 -29.380226 -32.419533 -23.836571 -0.719758 -9.903498 -26.124741 -22.907459 -11.976805 -0.386633 28.640690 -26.397060
-220.892319 110.748177 -15.959225 77.990097 -30.962563 -47.872406 -11.810697 -9.153535 -15.189233 -29.373055 -20.857880 -8.901517 -10.537216 30.935822 -25.412079
-225.481750 116.809860 -30.820435 85.166443 -25.072296 -70.765167 3.742432 -17.363787 -2.465872 -30.139576 -29.952469 -0.322747 -15.941786 33.142239 -28.580318
-232.316376 114.950806 -44.606178 92.483582 -6.502571 -77.799507 1.292252 -26.263523 12.818470 -19.909859 -37.754890 1.045861 -20.159012 37.094654 -26.815861
-227.603638 117.692993 -58.461510 81.031059 6.497656 -67.523254 -5.928376 -31.975470 10.936637 -18.401478 -31.974539 -2.629708 -19.279148 42.529263 -21.982391
-234.969498 135.651886 -60.268265 71.694351 12.841419 -58.031685 -8.692541 -26.058647 3.473145 -24.042389 -27.287621 -7.746924 -22.253876 39.606964 -19.962360
-287.928314 148.134232 -47.245476 69.449036 18.198725 -41.392708 -11.636815 -19.899673 -2.512458 -22.828278 -22.058418 -12.280657 -20.460083 27.584496 -11.867912
-355.215210 151.816925 -23.016251 58.378784 26.127869 -29.865807 -14.821457 -24.219017 -17.026432 -12.306395 -20.275385 -20.664139 -15.378123 8.904731 -0.636997
-281.898499 145.321808 -59.912949 77.762070 1.798370 -39.709007 -7.476778 -32.492043 -8.610570 -14.324228 -25.381472 -13.987171 -14.256559 20.236698 -2.405040
-232.711426 140.935760 -79.965546 82.236877 -13.920685 -41.491898 -8.471992 -37.414101 -3.256921 -21.472534 -24.244156 -9.308098 -14.180435 23.571272 -8.962875
-226.800201 137.104034 -89.577789 85.299530 -9.702683 -37.551628 -5.224473 -47.386963 -3.918127 -24.883972 -25.079475 -8.316160 -20.465710 16.810913 -6.416905
-244.449539 131.386566 -93.773315 84.390762 -1.200545 -33.957458 1.535357 -49.911858 -5.894334 -22.893532 -29.392939 -4.297740 -24.883879 8.558121 5.032794
-260.171783 138.636490 -91.948174 82.398697 -1.928599 -47.119247 3.121220 -38.398811 -2.322451 -8.896449 -30.021305 -4.085427 -23.103523 6.980344 15.357902
-283.708557 140.433105 -72.534561 82.454971 -3.416298 -53.420414 5.770050 -24.596348 -0.305082 -5.130306 -26.806568 -7.062372 -21.679722 6.821891 12.995657
-310.215515 139.373032 -58.403824 74.204910 1.220276 -52.749916 1.266077 -12.826083 -4.048774 -12.828218 -20.161472 -9.767805 -21.129993 8.456203 2.777268
-307.500854 123.077301 -57.742737 93.299210 4.716965 -39.563068 -1.523338 -23.712978 -7.790568 -21.006559 -14.355095 -12.659731 -26.654774 12.820742 -2.163866
-292.874878 106.799789 -62.119232 112.638542 6.372325 -34.254353 0.168798 -30.203241 -4.829388 -17.303370 -15.785057 -2.752022 -24.137690 21.804865 1.419261
-289.915375 101.592834 -63.696774 111.523102 11.240977 -33.955708 -5.638080 -32.442093 -4.157113 -14.627174 -17.273743 3.084733 -25.778481 21.358208 -4.822998
-296.362640 104.424683 -63.109863 99.019943 18.368025 -30.743122 -11.077869 -32.057354 -4.739386 -15.713606 -20.719219 1.685434 -31.149006 17.771404 -8.300138
-306.166321 119.314407 -51.498581 86.631409 21.150227 -25.574520 -15.352853 -32.936161 -9.869761 -27.712687 -29.842737 -7.104940 -32.832260 19.296436 0.831950
-365.645142 116.441330 -33.634918 72.311569 26.971872 -20.291237 -19.402309 -30.419910 -15.576172 -34.563396 -30.888498 -18.498722 -23.886902 14.860463 6.076709
-471.070038 94.830376 -4.077094 41.027603 40.103096 -11.580983 -24.015532 -21.918823 -25.284485 -24.762566 -21.706245 -26.427042 -20.929977 1.644225 4.762446
-560.821655 60.328636 36.365181 32.030205 26.699469 4.210881 -17.023880 -24.052486 -22.689304 -18.038532 -15.783952 -18.655457 -15.433615 -2.325194 3.966715
