city031_071
SHUZENJI
26
-592.028320 -20.087040 -20.372608 37.571396 -16.269646 -17.182442 27.981480 -10.458710 -11.521685 15.934553 -5.075716 -4.570720 4.722444 -1.729096 2.295322
-532.990967 -61.263397 -48.246429 83.956139 -27.483250 -31.049246 30.413414 1.949592 -21.227289 14.723716 -2.384500 -9.410457 14.154396 -11.343105 3.482929
-442.383972 -30.987249 -10.076110 108.555756 -6.601151 -60.351143 -4.969481 -6.194345 -40.623119 0.716489 -15.682165 -12.350882 15.161179 -21.164078 -1.182372
-343.765869 88.517113 24.535919 99.826080 -3.738677 -86.724922 -29.095102 4.073826 -33.318420 -14.454206 -37.645767 -21.024206 17.615860 -18.631691 -2.102141
-317.529816 157.429840 -16.474789 80.311287 10.129284 -74.066071 -32.790947 -1.094804 -19.307842 -30.500450 -39.128014 -5.392253 11.249544 -16.051210 -3.171554
-302.682312 166.586044 -43.051651 78.050301 16.953936 -64.276405 -23.818089 -12.206680 -9.196566 -29.645279 -34.446342 -1.450439 -0.671066 -1.097047 -1.943892
-289.991608 140.896149 -43.322525 88.161873 7.748676 -35.135761 -26.109999 -11.577185 -11.997608 -39.584381 -21.393532 -16.129261 0.135405 19.842354 -5.123484
-285.630493 112.727570 -30.350773 92.375214 -6.258632 -22.446278 -33.675182 -3.884186 -25.849466 -39.493496 -20.291433 -27.057224 2.351427 23.815266 -12.150452
-282.808990 94.540863 -3.177418 81.288284 3.493138 -22.264313 -46.129925 6.423440 -30.097721 -29.238865 -21.594837 -28.184839 -2.246401 26.075912 -21.113712
-303.122406 85.058456 29.742096 62.693161 18.056719 -31.348766 -50.750568 12.485625 -20.853323 -20.708555 -24.298149 -36.637413 2.382586 30.050539 -28.018528
-330.618744 75.939224 32.670952 50.668072 10.706841 -38.918079 -44.916008 11.515541 -9.923184 -8.169619 -26.997139 -25.307629 5.687192 15.759464 -26.809172
-286.415070 91.944977 -0.914241 47.425423 -16.091654 -55.390167 -45.631386 14.972669 -14.180433 -18.556150 -23.048256 -2.181881 11.793688 -5.115634 -35.528702
-261.350433 119.726852 -23.509434 53.848068 -32.081440 -57.213387 -45.747387 13.770911 -12.572902 -29.805628 -23.767805 -5.652372 3.720665 -6.855484 -41.221649
-288.527313 139.151947 -36.669090 64.341980 -27.100391 -56.558830 -34.496521 1.545157 -6.520380 -41.218719 -15.823483 -8.298853 -6.776770 -4.798078 -37.269157
-336.280060 142.376343 -21.073999 67.757034 -9.846170 -50.257687 -28.782185 -5.540736 -7.341864 -41.462875 -8.828227 -1.109296 -6.465383 -3.216137 -19.286434
-383.840546 149.221527 7.835949 58.328293 1.310312 -49.796524 -28.407450 -0.310754 -13.096314 -38.979420 -7.555879 -3.572462 -5.915606 -0.919188 -16.991577
-433.927917 152.406738 37.829781 48.136833 8.750444 -45.494778 -17.546661 3.710730 -25.155874 -35.343498 -16.427187 -4.009422 6.584995 -0.924900 -16.272465
-451.091736 123.146347 75.233177 54.799736 -10.904504 -8.121787 -24.704353 -4.402975 -22.705650 -33.416832 -6.080642 -15.606107 6.231763 2.466882 -20.353142
-401.299835 35.586258 97.063736 80.774689 -25.638199 -3.727287 -32.660690 -0.880310 -19.212339 -30.045441 -7.271132 -3.317900 -6.648703 -15.405448 -13.891031
-338.832031 26.619116 65.950478 94.891541 -29.704163 -36.784698 -37.738686 10.163509 -20.936321 -35.081963 -14.869907 -4.573269 -4.154510 -14.219748 -11.749533
-311.931824 65.401077 34.360512 100.161652 -26.919348 -48.366394 -27.128128 12.634427 -17.715500 -35.658531 -20.373180 -6.772220 -4.057359 -16.580994 -12.744566
-324.390808 102.102737 0.731094 118.670944 -26.422607 -65.782211 -18.465714 0.906998 -17.367254 -37.086014 -20.418652 -1.753831 -9.334165 -14.683603 -8.318638
-350.043274 108.171814 -7.804942 128.497513 -23.842844 -80.702301 -15.428610 -13.205935 -14.118872 -38.294502 -16.976574 -1.067599 -14.983871 -14.685659 -6.872228
-398.798981 101.282417 10.498155 115.134277 -21.360025 -83.082230 -20.462574 -12.703320 -19.067360 -35.853783 -18.459629 -4.086618 -16.530281 -20.181271 -6.590590
-482.583374 82.557007 24.406239 79.566696 -5.703545 -69.164467 -25.002991 -16.266161 -29.578741 -24.302177 -10.397696 -3.280833 -16.508282 -21.400455 0.878795
-581.910461 32.600502 16.182766 23.478065 0.923751 -22.988285 -15.502368 -15.165228 -22.638000 -16.046265 -9.150373 -6.498342 -6.063313 -7.321369 0.971521
