city031_097
HAPPYAKU
28
-425.487335 76.158806 -45.596481 -3.614249 -42.988373 -33.626362 -5.204210 13.747492 -12.333937 -9.761290 -20.697926 -13.276690 -11.208549 -5.627708 19.145260
-305.798035 163.285278 -13.596550 -21.205591 -57.582230 -32.749104 -12.784697 18.656443 -19.825020 -11.185067 -9.611898 -6.081635 -8.771803 -13.504078 1.100118
-257.585999 193.221771 -22.919430 -38.608315 -53.754856 -35.730194 -21.190525 32.528248 -25.540127 -11.620852 -3.745034 -5.711234 -10.278477 -6.544457 -2.635836
-252.571075 191.102417 -35.229351 -43.033329 -51.770744 -37.181572 -26.149076 38.295067 -31.479839 -6.262597 -7.890749 -1.129171 -12.673044 -4.491763 -5.437690
-271.525818 183.098831 -25.313747 -35.626461 -47.918739 -34.759274 -29.765739 33.773888 -32.716923 -13.218325 -14.759479 3.349716 -17.141109 -4.769229 -5.583041
-328.211578 171.597900 -4.237095 -28.628918 -49.840935 -35.574883 -27.311939 28.065165 -26.355984 -31.255688 -17.240414 3.322909 -18.945339 -7.767517 -9.487924
-443.066254 129.956802 12.527447 -17.277472 -45.516891 -25.451481 -12.677856 7.031337 -20.336214 -29.624088 -11.206309 -0.692180 -17.046955 -8.553972 -11.951333
-540.370117 103.734070 31.096268 -27.331429 -49.378662 -27.631958 -7.334814 -3.042027 -10.615961 -10.326447 -7.595237 -2.657836 -10.268853 -15.845980 -16.780615
-574.902588 79.550705 27.776970 -19.592331 -38.352760 -29.857378 -13.194767 -4.689935 -5.829793 -8.499179 -7.577528 -5.869112 -8.018730 -13.084267 -15.227569
-600.521484 53.351135 23.394997 -7.300181 -24.552311 -25.216927 -16.260328 -7.037215 -2.413664 -1.828209 -2.880736 -4.447747 -6.499890 -8.283461 -8.064816
-579.991455 30.864449 -8.206727 37.060940 8.340611 -40.620430 -10.479307 7.469202 -16.126141 -20.034657 -9.188734 -7.877172 -11.572174 -11.164597 -4.960997
-384.640625 60.083076 -33.166382 86.045349 1.308006 -46.202538 -5.722824 6.355727 -34.428780 -20.611015 -27.926220 -3.463892 -14.798745 -3.327929 -3.494715
-286.117828 94.457672 -17.532312 91.076591 -4.198231 -50.823761 -22.717125 -3.641374 -35.366020 -20.129566 -31.696669 -7.329782 -13.209898 -4.185499 -9.722971
-252.996002 127.193802 -34.071415 78.721024 -6.599621 -45.490231 -39.402699 -10.536457 -23.213190 -12.397308 -37.659081 -7.337159 -2.557025 -4.699278 -10.120667
-247.835159 160.168564 -67.034958 45.597717 -4.223495 -53.983700 -45.456787 -10.210068 -17.201540 2.316327 -26.630072 -5.228138 1.206573 -2.608085 4.293355
-265.540833 186.258774 -75.262032 9.796437 9.245333 -54.763893 -53.640450 4.006207 -10.847385 1.566038 -9.353466 -7.594220 -1.258168 -7.985667 10.536122
-308.842468 212.504929 -50.318359 -14.246622 25.957405 -34.688820 -73.184456 9.907163 -1.544753 -27.802389 2.721669 -13.684496 -10.584522 -12.298938 11.023466
-376.040070 203.487762 -13.968987 -14.326571 32.538879 -20.371933 -72.415092 -4.117896 7.614173 -30.446548 -8.249175 -4.890097 -16.372318 -17.955027 12.990969
-461.913269 147.959656 -4.802265 -3.551868 33.088558 -7.426381 -32.776791 -1.663805 -0.763367 -22.733730 -13.702744 -5.690596 -17.424709 -13.758810 2.288368
-409.995483 156.903198 -31.721905 -19.183271 27.899214 -9.440841 -45.437599 11.223436 -18.721294 -39.101261 -15.991726 -22.845825 -9.633295 -5.055073 15.913334
-351.576385 184.062943 -23.733624 -1.315203 32.297314 -16.323416 -68.675354 21.715786 -13.691092 -49.668068 -8.896128 -21.968102 -12.902069 -2.436854 14.562086
-339.034790 177.578033 -23.759836 11.546195 35.132545 -17.923338 -88.936035 20.206713 2.710011 -58.021797 -8.300571 -14.288514 -15.296366 5.864815 2.087021
-355.298401 160.532272 -20.832699 11.445941 33.003094 -16.319263 -97.468491 17.348160 10.501663 -56.826820 -13.184598 -6.893919 -12.526833 6.670299 -4.015007
-381.894196 155.532349 -12.687538 14.482939 33.596943 -18.750340 -87.984314 6.380513 0.329627 -51.630295 -11.776331 -3.661383 -9.934206 7.795661 -4.564697
-415.024719 164.612762 -5.581020 9.848428 31.219124 -27.747147 -73.207718 -12.080238 -8.384842 -45.717075 -16.154306 -9.917309 -17.414165 -0.546554 1.218446
-485.212433 138.259155 12.119730 2.740068 16.092388 -31.663662 -55.922340 -23.603149 -13.151767 -31.472876 -27.260986 -15.515972 -17.065071 -7.465490 6.194069
-574.956726 72.683609 25.154051 6.867527 -1.358132 -23.678482 -34.747868 -18.874836 -6.110702 -13.878342 -21.191620 -15.925180 -9.064308 -4.638260 -0.568091
-620.669006 34.393745 26.379726 15.318129 3.832414 -5.713434 -11.895864 -14.510474 -14.382658 -12.836382 -11.074501 -9.736277 -8.795018 -7.793029 -6.258502
