city031_039
RAUSU
25
-414.564056 137.182343 25.646282 -8.641797 -16.600840 -27.934731 -19.726799 -16.750244 -17.317322 0.704060 4.719671 0.166916 -8.138390 -5.804644 -6.487235
-339.575500 147.601929 12.730251 -3.538324 -23.547558 -30.722523 -19.321604 -12.487253 -28.651524 -2.322328 8.543498 -7.542506 -11.784412 -4.228496 -7.960067
-249.459152 163.409760 -2.125405 -16.979511 -38.852337 -27.673809 -16.070065 -8.585842 -43.659119 -2.413399 11.234827 -4.143907 -14.720868 -4.410709 -19.040747
-188.798996 185.398529 -8.050982 -32.847637 -40.474781 -20.554102 -22.079937 -2.936652 -46.060585 -0.631666 11.622623 2.205007 -24.557188 -0.156731 -18.848907
-181.658157 176.624176 -14.092312 -44.043510 -43.740028 -17.269886 -24.405176 9.142203 -45.691612 1.248031 10.512469 2.267911 -24.350212 -3.773695 -13.588305
-204.546478 167.484940 -28.702822 -45.015823 -43.846668 -22.320969 -22.829201 17.683727 -50.293549 2.085218 10.808607 -1.423963 -16.968044 -8.746992 -9.548404
-221.560364 162.387009 -31.776726 -41.607483 -40.829063 -18.814051 -20.843126 18.752104 -50.842831 5.397964 11.201357 -1.390271 -10.313822 -8.186783 -4.092940
-235.538452 163.009369 -17.492378 -42.138447 -35.565872 -15.924459 -21.045954 12.908686 -49.919456 8.932178 11.232279 -3.573576 -10.011732 -4.495196 0.603914
-241.546356 172.526733 -3.167759 -40.625900 -36.421150 -14.320741 -23.634272 -5.575267 -52.247101 8.935953 9.953302 -10.327859 -11.206279 -8.888342 3.718895
-263.681305 170.902771 2.943832 -31.136286 -32.160583 -14.081062 -27.147392 -18.312717 -43.868557 2.495757 10.894662 -11.256765 -11.333985 -8.351159 10.366220
-279.610260 151.683777 -3.429301 -8.064060 -16.751184 -16.520210 -37.235077 -28.083630 -36.008568 -1.774107 8.867443 -13.265985 -12.177736 1.032385 10.712011
-290.937134 130.860840 4.905777 5.298573 -3.899978 -8.164223 -43.038078 -26.542757 -39.591316 -5.442074 3.281775 -22.124939 -10.811937 7.576262 5.025934
-288.008301 84.211319 43.595001 -2.228318 11.916491 -3.945370 -45.464241 -14.304586 -38.958347 -4.891322 -4.250342 -31.909897 -5.578078 3.768091 4.331270
-284.928345 36.369671 82.047897 -4.867126 13.044375 -1.271940 -41.200211 0.806672 -31.304361 -1.580859 -11.527853 -31.625080 -2.976078 -2.674489 -0.746802
-281.873596 1.655447 84.966507 -3.709568 7.347586 -0.005068 -30.206223 12.317086 -21.644867 2.262302 -7.087707 -17.525318 0.700336 -5.904360 -1.214738
-289.427887 -19.385788 76.513016 -3.454578 -3.309585 0.382112 -32.346256 11.460667 -18.624048 2.941759 1.004671 -14.667747 1.968280 -5.729799 -0.945554
-293.008972 -2.402317 78.989830 7.698404 1.599351 5.539686 -36.977383 6.547939 -21.789127 -7.646437 -4.753777 -25.104458 -6.256455 -9.546253 -7.375104
-274.520691 59.858593 66.429947 14.140385 6.558458 0.051791 -42.946510 -9.704909 -25.415230 -8.576404 -11.129696 -38.536095 -14.029491 -1.214279 -6.925838
-283.508972 106.809891 18.814192 32.612366 4.312380 -11.138582 -35.987988 -21.856915 -23.615334 -2.476915 -12.658614 -37.037537 -17.921413 3.854588 -4.100795
-279.763916 118.776268 0.946219 25.538656 -7.461388 -18.250387 -40.475025 -32.290966 -25.969215 -1.442434 -8.817611 -32.431885 -10.077097 6.507522 -0.053061
-277.808289 147.110825 10.326900 20.960962 -7.443458 -16.522512 -42.165039 -35.033405 -27.462828 -2.364187 -8.495310 -35.894547 -8.068019 7.281525 4.324547
-329.664612 146.777924 21.109791 21.003550 3.527586 -13.357285 -38.095325 -33.162048 -24.279739 -4.369634 -7.061755 -30.987427 -7.857408 14.104569 6.751442
-405.317963 112.940475 26.222799 26.773773 14.666088 -11.906775 -30.724510 -35.003922 -23.054705 -8.817854 -9.470324 -13.136967 -5.217565 12.559393 9.231083
-433.597931 91.603867 27.135372 26.049528 12.228611 -11.869621 -17.875774 -24.137245 -13.201595 -9.995865 -14.012210 -5.709308 0.363046 10.974645 6.755384
-472.894775 82.296967 27.496342 27.248940 14.063926 -11.841222 -10.636803 -13.660208 -6.417093 -9.527549 -14.998741 -6.786068 -0.616727 7.112513 1.650594
