city031_060
BEPPU
23
-624.013184 75.045181 63.128983 45.765926 26.040445 7.150925 -8.304819 -18.821476 -24.141945 -25.073536 -23.062271 -19.683475 -16.209047 -13.363539 -11.303058
-561.664917 140.850647 89.468018 55.125610 35.505032 5.145441 -29.573254 -38.441154 -20.558636 -8.503662 -17.303783 -25.199772 -15.288694 -4.101975 -10.394144
-391.772247 157.612793 -12.959627 67.544617 21.306532 -9.878042 -11.304649 -45.089516 -10.804554 -25.178183 -13.261036 -1.993282 -21.279846 8.260487 -10.661022
-279.909119 155.391449 -59.492710 70.603912 1.420785 -33.286682 5.593582 -59.807358 4.147192 -37.069740 -15.178940 5.273382 -11.258060 16.789768 -10.988700
-243.918518 148.754822 -67.457626 63.595566 -2.041424 -38.553535 11.542237 -64.618263 9.569747 -37.954273 -16.570961 8.228249 -12.360086 21.689493 -18.254480
-251.918091 154.037842 -64.653091 59.578262 -1.145501 -30.810349 7.700784 -61.179604 4.509890 -39.011017 -16.894777 4.595828 -17.957180 20.002441 -20.851038
-303.303497 162.944794 -53.728168 54.239021 3.044277 -21.404787 -3.043379 -50.236805 -1.993865 -36.588959 -15.746294 -1.602835 -17.645466 16.767633 -14.889479
-414.981659 151.362244 -24.931416 43.971268 13.480066 -13.572041 -16.587362 -31.387230 -10.797642 -24.494440 -16.812569 -6.018275 -13.965473 10.114439 -11.221720
-538.515564 111.422516 15.586637 22.496954 13.286081 -19.993168 -28.137041 -19.728043 -15.939350 -18.545029 -9.661630 -6.022192 -4.188142 5.056664 -7.951635
-619.652466 69.770332 42.178310 22.525890 2.610049 -17.756874 -24.508377 -20.639938 -17.198610 -13.200016 -8.065942 -5.345475 -3.966480 -5.102508 -10.339346
-652.063599 36.458172 27.796970 15.833775 3.461768 -6.605443 -12.598738 -14.103651 -12.006636 -8.036387 -4.094343 -1.623288 -1.223309 -2.613415 -4.902846
-666.425415 18.101044 14.811171 10.307962 5.692174 1.918460 -0.502582 -1.614381 -1.907885 -2.057720 -2.618776 -3.807045 -5.444361 -7.073039 -8.177065
-674.772156 7.130483 6.086412 4.573235 2.858560 1.200222 -0.215931 -1.304386 -2.069312 -2.565938 -2.855469 -2.974854 -2.933164 -2.731786 -2.393409
-676.886597 4.336987 3.835725 3.084060 2.182864 1.235324 0.329330 -0.468957 -1.112282 -1.567087 -1.812713 -1.847301 -1.696512 -1.417557 -1.092370
-585.681946 48.821922 -14.039109 11.447988 17.215757 1.010073 -16.164164 -6.647545 -19.803471 -34.915012 -14.438440 -4.209635 -5.278171 -5.436677 -7.410760
-374.690796 77.650803 -6.023726 32.687328 9.191099 -4.355163 -26.209232 -17.185251 -26.718084 -26.507919 -14.376926 -6.845567 -5.706031 3.577430 -16.628456
-279.801605 109.355095 -11.789478 49.145515 1.590231 -9.890552 -21.142879 -31.391510 -25.020370 -17.140812 -10.868191 -3.398484 -11.327941 11.132088 -11.896306
-261.183441 132.680603 -38.117691 57.805088 -7.388294 -18.778519 -5.609683 -46.932838 -16.737804 -13.940765 -13.733042 -2.128775 -15.836422 13.862365 -4.669414
-270.329376 145.190399 -58.234108 49.832428 -6.228181 -25.593639 3.179976 -64.834473 -17.883394 -22.187828 -20.671455 -3.638284 -16.744137 20.964966 2.753366
-305.174561 147.522736 -59.471611 40.885681 -1.354312 -21.267357 -6.253965 -67.860519 -17.597998 -31.469717 -19.847692 -8.934395 -19.672142 23.084644 0.104340
-394.299469 142.952484 -44.970791 32.554768 4.738345 -12.294273 -25.794216 -55.629616 -17.918457 -34.626297 -13.852409 -11.535616 -21.580925 26.844490 -2.982638
-526.836731 105.962715 -11.195238 1.906982 7.487325 -18.407541 -42.536240 -41.187492 -25.562490 -21.453465 -12.074584 -19.983770 -11.933773 15.983656 -8.982578
-628.261169 55.791435 26.687775 11.784959 0.224233 -18.826733 -32.818493 -30.657833 -17.607349 -8.995843 -12.664700 -14.354393 -3.245052 2.659479 -6.457541
