city031_005
OCHANOMIZU
39
-451.796509 115.552490 22.591663 26.936985 -12.238037 -27.432602 -12.861346 -20.537565 -21.879976 -10.703280 -4.286037 -5.956736 -10.646275 4.490077 -10.320225
-394.917053 160.484390 21.920444 45.221283 -32.009613 -59.851921 -9.723299 -19.172129 -23.410530 -32.038834 -12.328009 -0.302922 -28.743004 15.802299 -18.837589
-340.520050 175.103516 -1.987234 41.075054 -35.562099 -58.698700 -7.591019 -24.249908 -16.028236 -32.549110 -21.523727 3.786101 -27.428349 14.569416 -19.350155
-321.447693 174.301941 -11.327703 34.798134 -40.706181 -42.078201 -3.404796 -20.888962 -12.499107 -26.754429 -20.864891 8.145637 -15.051874 11.442684 -12.495619
-309.779266 148.166779 13.312078 30.590477 -34.769253 -7.323469 -15.402103 -4.377137 -26.022850 -18.345177 -25.659821 11.971287 -8.994503 7.550186 -16.384043
-319.751678 113.670120 28.139898 39.102757 -28.306347 9.167171 -27.747458 2.445876 -25.600647 -17.981071 -26.351616 15.944836 -12.518507 9.098447 -19.859236
-382.730164 74.187538 17.710274 47.215363 -26.140633 4.124160 -23.749397 10.047586 -16.423258 -22.453747 -18.570755 21.304005 -6.675951 10.318293 -19.851143
-291.471039 10.246774 -8.295814 33.220886 -41.463203 -18.462015 -17.268661 -1.517408 -4.254929 -40.552235 -24.976257 5.148053 -2.373153 10.124081 -25.093666
-214.347961 -4.859404 -4.236398 33.351273 -43.100235 -18.546345 -19.286861 -9.573442 -9.525692 -31.880796 -26.896355 4.583158 -0.466212 6.313938 -20.729828
-168.766434 44.319920 -0.608509 37.061317 -32.563354 -20.550823 -35.924706 -26.222046 -13.310005 -14.403946 -18.634369 -0.890022 -2.109870 13.054743 -13.985420
-166.442215 106.955223 -36.075901 23.161198 -36.823708 -31.869701 -30.981228 -25.421570 -18.707521 -10.939321 -3.562261 -0.600520 -6.785333 5.006111 -15.050756
-181.963120 137.766418 -58.809586 8.062021 -49.595707 -39.525352 -9.238956 -17.905884 -24.110081 -13.405285 -8.256880 8.214105 -8.677643 -2.900780 -11.602076
-211.944290 145.974701 -61.251740 0.893531 -44.424644 -47.718536 9.948980 -12.478920 -25.020245 -13.647539 -26.528965 13.141391 -17.126692 -9.579612 -6.891189
-255.417633 161.888031 -68.146332 10.480572 -27.676254 -60.247746 15.765262 -13.008347 -20.247288 -1.732371 -43.071037 24.935699 -29.898643 -0.969874 -1.760563
-266.714386 159.009918 -59.121403 25.184080 -23.390482 -64.218376 8.750296 -11.442506 -18.584824 5.623157 -51.728428 28.442566 -25.195147 6.880894 -6.034295
-271.439972 152.382599 -56.425148 39.379017 -7.187560 -63.302006 7.140821 -10.646812 -17.760298 2.235655 -51.174065 23.933729 -16.685080 15.846394 -12.908463
-297.388641 147.786377 -44.881786 50.245461 7.275015 -50.069473 4.090333 -14.622693 -19.483486 -3.745211 -38.174213 16.002117 -14.717979 24.264927 -21.807266
-305.944641 143.476471 -44.391777 46.371796 -0.227953 -45.559013 5.171610 -13.671230 -20.897442 -7.162963 -34.457268 19.261105 -15.146100 30.187290 -18.736095
-295.451355 142.801971 -51.962681 43.582798 -7.987291 -47.561016 2.426205 -17.168732 -11.899589 -10.159640 -43.590767 22.201254 -19.368635 25.064632 -13.016966
-298.339752 139.779221 -46.373123 48.582767 -15.507795 -49.881916 -2.365488 -16.655617 -8.814213 -9.115263 -44.645287 21.449018 -25.147398 19.304611 -9.298359
-305.456604 138.808792 -44.501411 54.890076 -20.282185 -51.503723 -5.970075 -15.119756 -7.319454 -10.556703 -47.823120 13.041247 -21.791660 20.220032 -4.913025
-315.680420 137.804901 -40.125885 65.889664 -13.501422 -44.788120 -6.513671 -18.674252 -1.850922 -17.049768 -48.871529 8.155807 -17.664818 30.273619 -1.662278
-328.616699 131.531143 -35.493748 75.829132 4.127824 -38.385769 -12.525772 -17.435303 -1.311887 -29.749649 -40.115814 6.477032 -25.803204 36.813229 -5.630760
-321.564362 127.600204 -42.473824 87.507431 -1.871195 -38.785820 -7.460250 -11.868296 -2.200702 -37.252975 -33.388203 5.081031 -23.739304 31.745937 -13.340378
-326.359497 131.813690 -36.782074 99.895935 -18.342548 -32.344402 -1.205495 -25.211330 -6.274213 -44.126072 -30.797800 5.467379 -12.311082 24.788677 -11.255555
-341.774902 126.363953 -13.588771 94.226875 -31.984943 -27.356117 5.056930 -37.076431 -8.461546 -35.590290 -37.689106 7.370605 -8.480219 18.962700 -7.876108
-326.066132 119.693596 -13.638615 96.998398 -21.704292 -52.484688 2.984921 -18.497910 -6.075225 -45.456142 -41.650093 18.898178 -10.967745 8.874218 -6.442281
-299.245056 103.177429 -10.447051 91.904053 -5.916667 -49.628723 -22.927490 -0.547689 -1.106523 -45.226357 -43.278572 12.954219 -4.236713 13.700910 -19.996666
-281.928864 83.443192 3.453854 76.759560 6.486032 -25.502121 -41.716465 2.638001 -4.909034 -36.207932 -36.727493 0.809993 -3.927228 18.765745 -29.116692
-281.978699 58.680420 23.328112 57.380112 3.290941 0.035314 -46.048740 -3.293926 -9.580208 -19.543528 -25.922710 -17.877327 -6.100731 17.922777 -23.858871
-284.433838 46.964722 34.913086 44.747688 -9.208797 4.679740 -50.542839 -10.468931 -9.813528 -19.368629 -23.157707 -20.408615 -2.327035 13.770073 -19.442423
-290.098022 54.523323 29.310993 54.000866 -1.023937 -2.687199 -50.694992 -14.677927 -17.174217 -23.325531 -20.511866 -18.983242 0.091590 21.562984 -22.400227
-288.471344 78.503983 10.552328 66.809135 -0.260609 -5.371608 -41.244217 -18.835066 -19.503887 -25.783804 -21.959446 -20.996616 -5.583358 32.920456 -20.960117
-295.666687 109.452240 -21.121124 69.953743 -10.328627 -17.222317 -31.840101 -23.553493 -10.765508 -31.249832 -27.472767 -17.162069 -10.569426 39.911201 -17.102400
-304.882294 145.016693 -46.161911 74.180717 -5.471600 -28.393095 -25.650440 -38.286140 2.658292 -37.585457 -23.689754 -19.235319 -20.370882 40.097794 -16.003326
-326.943604 152.236664 -37.040188 80.442871 1.236804 -29.497915 -27.699133 -42.606667 -0.348828 -34.754814 -23.833729 -20.904804 -23.112850 33.853065 -14.721554
-403.180908 132.120163 -13.467757 75.147186 6.626756 -25.671871 -26.171776 -35.788055 -3.894139 -24.630617 -23.553997 -24.197557 -17.804794 24.329887 -8.921714
-523.108704 92.375931 8.223884 38.624527 20.509884 -5.166034 -18.841364 -25.764614 -9.970146 -16.379951 -21.810490 -20.565121 -10.039612 14.859606 -2.714337
-620.676392 48.213341 29.470695 18.173250 10.803027 -0.280210 -11.552958 -16.070982 -13.681605 -11.395226 -13.431351 -13.214838 -5.784116 0.436961 -1.196131
