city031_038
YOTSUYA
24
-430.164429 94.780853 33.291332 45.980217 23.877876 -26.517292 -31.558147 -16.180983 -21.820904 -32.013546 -19.860657 -8.891445 -15.061384 -14.489187 -7.953831
-276.975616 142.945892 -2.848381 24.297247 20.266243 -15.377587 -40.817402 -32.598244 -22.337975 -33.296844 -16.162304 -15.533621 -10.228905 -15.978489 -8.439742
-213.260239 159.155914 -7.659838 -1.366248 1.544218 -12.524247 -34.004402 -22.374344 -23.592194 -31.452419 -17.910442 -19.501877 -8.902502 -16.826189 -1.438950
-234.631241 169.337860 4.098198 -10.249636 -16.073448 -19.936237 -26.444988 -12.703862 -25.419292 -19.727488 -14.625518 -14.306314 -5.358684 -14.293917 5.753158
-275.589752 166.253571 27.025978 -4.857256 -35.411049 -28.584740 -15.739546 -7.843162 -11.436604 -12.036600 -10.357407 -14.300432 -10.647686 -6.618823 2.999548
-265.029999 151.308426 39.676956 4.381425 -43.139107 -13.168730 -11.226793 -7.313898 -4.794525 -16.299824 -8.907616 -21.140884 -10.610479 -2.249850 -4.626730
-294.945953 120.617393 52.902618 14.733109 -34.268639 -7.131776 -4.163618 -4.326962 -3.584295 -16.343475 -14.758478 -22.192566 -5.883286 -4.638647 -3.930414
-268.014709 24.068413 56.547928 11.126286 -2.197298 -0.987534 -20.735752 -11.309678 -2.327878 -8.455078 -5.377338 -12.289827 -3.801099 -6.325749 -5.216912
-219.778870 -19.679592 48.062798 -3.882255 -7.470721 -2.959501 -29.045483 -10.441958 1.720484 -6.610441 -3.079956 -11.072645 4.742232 -3.890007 -5.641149
-189.489212 -0.392112 59.025879 5.815043 8.193411 4.094769 -35.733692 -23.449972 -18.330807 -21.346582 -17.074257 -20.786467 0.292179 -8.826641 -6.913353
-191.001007 39.449348 46.833771 4.464887 17.394093 9.483309 -34.437378 -36.787354 -37.405605 -19.030565 -18.394617 -25.868069 -0.130294 -6.514674 -10.315005
-219.153336 74.557617 23.345047 8.189737 13.886532 4.846230 -38.867897 -37.384502 -37.172081 -2.529998 -20.735897 -28.146286 -8.097586 4.516711 -19.246191
-214.121292 80.622253 5.843135 18.086544 10.084934 0.249197 -44.956673 -26.784101 -29.291492 -0.269912 -28.517284 -28.647812 -8.124989 9.533399 -24.213375
-200.600586 73.144020 -0.986472 34.388115 5.295105 -11.629889 -49.543449 -20.393703 -14.242322 -9.453878 -34.538818 -24.302586 -2.332288 6.417375 -25.727020
-186.336655 69.972687 -10.347172 42.308792 -3.048917 -21.911924 -53.237297 -22.186459 -14.032827 -10.902744 -29.075546 -16.289421 0.757575 1.344146 -23.282436
-171.141006 80.292847 -30.280151 21.105343 -7.180549 -13.850883 -51.825592 -25.160044 -14.993826 3.217676 -14.157166 -15.888665 -1.971382 -0.805889 -8.592974
-167.055328 112.652954 -34.735054 0.535685 -20.141001 -3.694357 -37.811348 -13.260046 -19.741753 9.864779 -1.404880 -5.853798 -3.919734 -8.099702 -1.925497
-175.810532 141.529648 -21.494717 -5.095268 -35.551594 -0.677652 -24.835358 -0.893648 -27.038651 3.895038 2.964240 1.764076 -4.849231 -16.764997 3.169650
-181.069260 158.705811 -22.455563 -20.314228 -49.050880 -11.994810 -33.069618 4.275695 -26.601540 -7.788029 2.594733 7.685528 1.152935 -17.436266 0.369838
-198.519409 164.762299 -20.019173 -30.379839 -53.143768 -19.251167 -34.071846 3.162864 -27.196253 -9.976082 5.088433 9.686500 -1.645718 -15.258586 -4.097856
-283.968658 160.784119 -1.799796 -34.904190 -44.581184 -23.724739 -20.906952 -0.339637 -23.928787 -6.647756 12.135185 12.878191 -4.602723 -10.268404 -8.995552
-383.557861 129.338440 18.401005 -16.925560 -32.114101 -23.969313 -0.519823 -5.022310 -7.551774 -0.389408 15.629457 15.647022 2.479830 -3.006844 -16.450008
-415.426880 104.395920 16.315157 -6.010748 -20.878235 -21.939009 -3.128019 -0.449970 -0.796658 5.287590 14.600428 12.806338 3.927556 1.767490 -10.353864
-452.279846 83.486496 20.398258 -4.020052 -15.857234 -18.855812 -6.799129 -1.550452 -5.334889 1.128006 13.099342 10.482734 2.465704 0.051003 -5.848925
