city031_083
MYUUJIKARU
26
-627.954529 43.067200 49.432247 30.483700 19.155890 6.747131 -5.634235 -10.037717 -20.068327 -13.097034 -19.524395 -12.901964 -11.404539 -9.827133 -9.662584
-508.130585 108.686310 68.159821 70.668243 25.894323 -30.418659 -17.239264 5.266156 -46.811028 -49.713833 0.682577 13.051651 -28.252007 -6.259067 -0.375225
-428.857330 127.439011 28.887499 87.350357 17.927908 -38.289185 -4.443830 2.749660 -44.564316 -59.385773 8.291654 16.801170 -42.300770 8.570871 2.320965
-377.957977 136.761658 -20.311264 105.743484 6.835463 -52.941696 -3.756199 -7.156641 -28.021729 -57.786552 -1.738643 25.870834 -35.505341 15.261233 9.119464
-328.727600 142.434113 -51.422672 106.573242 10.777845 -54.499344 -5.607582 -26.481327 -19.790812 -50.378029 -12.121099 26.613388 -26.359381 7.637821 12.039522
-305.523285 144.049957 -60.049591 103.377243 16.467373 -52.081379 -4.616827 -49.465729 -11.605721 -47.031582 -12.814646 21.253639 -20.320126 2.399073 12.827787
-292.265289 149.149506 -62.584881 91.507080 13.623973 -47.712437 -5.928578 -57.808506 -6.504978 -43.688431 -10.704684 18.716202 -20.531391 3.954269 8.524999
-270.985809 134.632141 -68.264992 73.741898 5.993809 -31.002192 -16.511600 -43.339844 -6.938827 -44.263351 -8.515320 2.889108 -12.330308 4.477314 2.176266
-248.252090 82.014771 -38.190201 63.336849 4.085095 -22.461735 -25.080608 -26.796112 -26.287310 -25.085207 -32.183372 3.216166 -13.910381 -3.717573 -11.851127
-254.663284 43.065670 10.085705 66.739532 -2.217061 -22.410843 -26.710949 -22.690578 -30.535839 -15.760958 -39.069016 3.720590 -0.985309 -12.530307 -13.357599
-272.812653 15.016819 24.789906 89.348099 4.053828 -24.601070 -15.875841 -16.757721 -40.475220 -25.996248 -34.535339 11.100178 9.286688 -10.716226 -4.522429
-274.937012 39.034966 13.467186 102.452301 9.488222 -35.849808 -6.368561 -4.455555 -46.800972 -40.332394 -19.964779 15.180105 -4.178635 -10.031304 2.256911
-321.597015 85.464928 -3.457207 107.558647 8.195674 -39.210289 -4.687304 -3.822126 -32.388744 -48.394768 -10.285028 11.159072 -21.868687 -4.838950 2.983613
-356.966980 134.552094 -50.171188 45.234310 0.190439 6.362587 -10.098246 -15.481830 -19.059305 -39.118576 2.422682 -12.365620 -31.304974 2.020571 -1.876195
-303.404938 155.190552 -59.099457 12.239149 -22.892612 13.205901 -37.617035 -21.024534 -32.402454 -36.191658 13.370079 -16.223988 -8.805553 10.809319 -3.871805
-289.378540 173.321304 -47.370838 7.696258 -35.289146 6.879131 -39.487343 -21.698582 -34.980728 -41.372070 17.012260 -2.991940 -16.005713 4.060976 -0.264081
-334.230469 193.927643 -25.255459 -9.068743 -35.022293 0.099552 -23.492809 -10.086132 -23.308958 -50.504353 27.919083 24.891613 -33.627666 -3.145383 12.540142
-357.455231 205.463211 -38.425056 -17.870260 -15.182169 -13.060938 -8.835414 -12.565062 -21.397030 -41.545784 23.236076 37.274223 -32.492077 -8.819511 15.639827
-342.461609 204.914185 -55.725471 -6.133562 -5.769978 -27.229725 -4.980901 -20.491352 -34.424446 -26.917656 17.430202 25.740330 -23.613138 -15.759623 13.329366
-330.815491 194.814056 -68.475403 6.281507 11.822058 -37.246300 -12.345782 -36.521530 -48.277206 -15.409851 2.043908 8.471305 -10.460180 -8.691481 0.771906
-321.693176 170.642120 -64.398514 24.406115 19.534828 -28.039080 -10.146460 -47.086369 -49.138313 -12.597743 -9.322803 9.078847 -14.077513 15.996254 -7.738740
-324.183044 153.950470 -50.271595 42.869629 14.535758 -13.430449 -9.281515 -48.442036 -39.148056 -19.729439 -6.184754 12.318270 -28.478867 33.477844 -11.387733
-358.813385 145.716003 -31.827946 50.437119 15.624320 -12.391806 -19.876099 -48.854992 -36.425484 -34.107811 -4.878794 4.262804 -36.201725 36.108692 -13.118063
-435.843201 132.301880 -13.528390 36.406075 11.108146 -11.532351 -24.039175 -42.879295 -38.229210 -41.370373 -2.550012 -9.143132 -30.761992 27.997566 -9.860291
-559.729858 99.757423 26.908026 18.662380 10.015009 -6.524549 -21.743137 -33.528168 -29.288353 -16.679193 -9.649481 -13.993250 -6.393817 7.018687 -1.605920
-638.912964 45.176811 35.101189 21.790047 5.820279 -7.801516 -16.661659 -22.107981 -22.326870 -18.371098 -14.658576 -10.836128 -7.314976 -6.882463 -7.223418
