city031_068
KYUUSHUU
26
-444.142578 10.935617 3.272802 41.136459 -69.269226 -44.916290 -5.635840 -10.897946 -26.819134 -17.212566 -9.091968 -11.206253 -0.938281 9.000713 -0.075140
-354.122070 12.897276 0.126040 44.655117 -73.083946 -49.684753 -5.277540 -3.776587 -35.927895 -28.286190 -12.069504 -2.801974 -8.189360 -2.899262 -9.611895
-319.788971 49.774658 14.564379 74.177444 -39.459084 -45.509251 -3.899765 5.165113 -28.099092 -32.484051 -13.799674 -2.411624 -7.157778 -4.072495 -15.907765
-279.950287 101.943909 -8.858179 92.623138 -6.286652 -63.314880 -22.324282 9.010434 -24.702074 -44.809792 -21.314602 2.554644 -10.272905 0.847019 -11.135874
-251.011398 124.451172 -36.184860 87.633057 2.427092 -66.958374 -17.745541 0.316323 -24.251490 -40.168434 -26.522121 7.864985 -15.201954 -4.276193 3.813628
-256.671570 120.400970 -42.318722 87.253006 6.012863 -59.220024 -20.712334 -1.542592 -23.138655 -40.238754 -22.895266 6.462586 -15.944082 -7.889572 7.356507
-277.523621 121.779213 -31.629890 86.405647 0.705426 -63.965546 -28.621092 3.485718 -22.459953 -43.269730 -16.583248 3.925845 -16.345869 -10.376741 0.682678
-283.638336 125.753265 -28.606379 80.740814 -5.757665 -69.988113 -31.829472 10.469401 -21.260944 -42.424500 -14.136768 -0.649355 -16.432394 -5.700761 0.499289
-274.904358 128.717804 -27.473345 78.083832 -2.235388 -67.030815 -44.778709 15.232140 -26.575630 -38.636909 -16.328121 -3.533610 -13.563056 4.729165 -9.073668
-261.660828 121.060394 -29.484882 71.803886 -0.309805 -64.949707 -47.578522 14.469298 -25.336643 -27.994507 -22.063139 -11.231165 -7.605364 12.633968 -21.840258
-243.668732 78.785950 -14.236835 73.619171 -15.265922 -39.309105 -47.653812 -0.453196 -22.857983 -14.398481 -25.705959 -5.972795 -2.504679 4.333232 -26.475544
-249.549911 7.159921 17.784313 79.780441 -31.615093 -23.098379 -39.524593 -11.020636 -25.953379 -12.039801 -27.417801 -3.004331 -3.513006 4.363546 -22.611912
-293.488159 -64.882965 17.681919 91.390511 -49.115761 -36.361778 -15.106527 9.463689 -20.545292 -18.172346 -32.332497 -2.989648 -3.759474 4.451047 -18.164822
-321.830322 -93.809433 -2.141697 88.481926 -58.537945 -46.697006 5.104583 24.129730 -20.947796 -19.961843 -35.245514 -5.081718 -6.326756 0.222496 -18.298998
-306.610962 -35.500561 18.573982 106.609711 -43.394821 -60.812462 -15.113699 -0.600227 -39.820786 -22.399849 -33.102455 -18.008690 -11.566587 -0.233730 -23.736340
-266.436279 64.930992 -2.733598 84.763374 -21.699785 -51.429428 -27.505821 -17.421946 -31.895298 -18.923464 -21.197075 -21.321188 -12.084108 9.881276 -18.916828
-269.002106 127.753433 -37.304169 68.460831 -2.041218 -49.848091 -27.906265 -18.184446 -23.685474 -22.967066 -16.289955 -12.986647 -10.189726 9.632891 -7.482831
-284.488983 150.871552 -51.381943 59.561222 7.686155 -56.202271 -23.767872 -10.732881 -22.930786 -18.244066 -13.714823 -17.019474 -2.419209 9.852329 1.625193
-299.149841 163.958130 -46.843407 52.833641 20.241802 -62.917763 -25.400839 -5.123377 -23.216125 -10.279600 -11.641916 -26.464298 -1.528849 7.446506 2.595636
-301.003174 171.041595 -46.766586 46.651867 20.791851 -63.008469 -19.729034 -7.203685 -26.421778 -8.552430 -14.388702 -23.533236 -1.579551 5.874547 4.165272
-309.477936 175.338638 -35.089645 42.392555 9.244400 -66.949638 -14.026281 -8.742005 -31.864658 -8.059189 -8.975687 -15.664515 -6.802292 -2.276190 3.519680
-324.918549 170.029968 -26.024326 40.178841 1.664905 -68.207161 -13.318346 -6.324659 -32.305027 -13.617011 -4.969208 -10.494097 -13.454784 -1.230050 8.225920
-334.409912 164.230896 -27.112366 34.488220 6.025666 -60.982998 -19.665867 -8.266551 -36.013340 -23.150597 -3.344301 -12.725445 -17.364223 2.488885 3.787522
-360.309631 160.538116 -20.284584 8.365465 9.323963 -47.017525 -26.341755 -17.179600 -35.846951 -23.137810 -6.796897 -19.614460 -22.102951 6.494375 -0.104737
-430.529053 136.641922 2.830387 -7.083292 4.099795 -29.718893 -34.627472 -19.235840 -27.822901 -22.378742 -5.516228 -17.905754 -19.475327 8.031182 4.002030
-523.104614 77.767776 33.802574 9.258657 -11.391171 -32.194626 -33.565422 -24.024775 -19.835945 -15.651632 -13.600048 -16.805458 -8.958525 5.156264 -0.042788
