city031_055
DENENCHOOFU
34
-603.829590 -0.070811 81.648712 -6.292473 36.046925 -17.831436 -6.278068 -21.462723 -31.287611 -15.670740 -31.298983 -10.580412 -17.344854 -4.390695 -8.575166
-453.852844 90.592758 59.896446 18.207691 16.129801 -41.259972 -6.729754 -7.050744 -30.059689 -46.609161 -28.743324 -6.835896 -4.111640 -7.426201 -41.251511
-299.533051 120.225235 -8.029428 67.207993 -16.173798 -35.643627 -17.792625 -24.093685 -15.767250 -53.031364 -18.853935 -2.283692 -11.849880 -2.060016 -43.267792
-226.446289 113.828484 -29.975430 76.600037 -23.541439 -41.132401 -5.938398 -40.970966 1.808972 -50.938805 -16.704754 4.227309 -13.794567 7.673144 -39.793678
-218.219498 100.938408 -38.837502 69.768890 -22.778240 -53.113316 1.307056 -43.057236 11.301588 -44.544701 -15.221397 9.010837 -11.676239 20.518560 -39.361061
-244.965805 103.735771 -38.568291 61.725517 -14.235048 -61.222839 -0.922127 -35.792267 8.160523 -45.504356 -29.617496 10.672823 -7.219133 26.527691 -46.724411
-271.073242 115.952339 -29.569691 57.722801 -0.469491 -54.363628 -5.117563 -28.369556 1.993470 -51.233852 -26.534895 12.096441 -7.831202 31.344677 -53.461472
-310.983185 131.749634 -30.002075 65.526108 10.544584 -42.192177 -1.009461 -21.268047 -12.830740 -47.879532 -8.741906 4.151265 -7.186793 37.751167 -52.104645
-376.392273 139.998260 -33.393795 83.246277 17.960314 -23.950798 -9.339153 -13.503017 -28.931316 -41.068336 9.928988 -13.724211 1.577775 34.745834 -46.812111
-383.559814 148.438721 -31.864697 69.066933 20.399582 -22.874155 -11.991335 -3.102874 -30.643421 -43.997963 11.442384 -18.277550 4.003152 34.960648 -41.087715
-346.597870 149.818680 -31.573273 51.011612 17.745659 -39.675774 -14.364580 -1.261363 -20.218384 -47.505318 7.948665 -2.264676 -2.452452 27.733747 -39.023743
-322.498810 142.111221 -30.105183 55.219372 9.575442 -55.791454 -12.068693 -19.472721 -17.548086 -49.910458 2.535982 13.662310 -13.100185 13.497697 -31.631966
-324.577789 138.900711 -28.102978 73.374748 3.789855 -61.934807 -10.289028 -30.551332 -19.618330 -48.803162 -6.246664 23.100121 -14.162841 6.396264 -26.518288
-349.895630 144.539215 -26.109474 77.131866 1.481041 -51.644676 -8.357952 -19.367294 -23.265087 -53.174438 -7.900050 20.839077 -6.992371 2.884760 -16.591269
-389.774750 147.975861 -24.248501 74.969574 11.924976 -34.600006 0.547291 -1.238799 -36.716949 -60.760857 -11.301833 4.916182 2.862735 6.635652 -8.288807
-407.405579 158.289215 -17.150999 59.481079 18.801666 -35.517349 1.256920 5.362995 -45.092888 -47.218723 -6.981491 -11.924362 9.731766 9.006395 -19.524025
-413.586853 160.829880 -2.789783 62.030228 6.441772 -29.783249 2.088458 -22.209433 -32.176056 -26.858540 -20.764881 1.125702 13.268381 1.463102 -9.513052
-326.821533 74.057472 7.891821 74.848602 -13.929003 -10.474916 -7.713579 -11.137045 -37.632576 -18.876472 -27.873592 9.901260 -0.158338 -5.576045 -17.000227
-276.605499 44.106453 -3.339340 61.407394 -16.468237 -15.831205 -15.323344 -10.594603 -42.256752 -15.462604 -32.521759 -4.454554 0.494110 -2.830717 -17.608883
-239.579941 87.490219 -24.962603 38.787270 -9.564973 -16.826811 -18.634508 -26.658051 -52.760643 -8.423556 -27.750158 -12.865952 -0.793749 4.088396 -1.048678
-250.920898 148.693665 -62.525017 27.002798 -16.223772 -24.466000 3.295984 -44.038345 -52.727314 -17.816156 -19.775570 2.565776 1.385440 5.337999 7.503507
-281.042694 184.817444 -66.956581 17.470932 -51.134048 -27.263969 28.032833 -51.988205 -45.713242 -28.117783 -16.372700 14.155473 -4.844007 18.451897 4.386228
-314.067932 197.536713 -36.878380 12.578864 -85.617790 -29.887922 47.501110 -46.527985 -53.660027 -27.981123 -7.357045 15.429680 -8.593477 9.505421 13.107941
-333.665649 203.894226 -17.159592 15.480060 -77.082489 -26.476276 47.687756 -46.427917 -48.932159 -22.318001 -24.584211 8.225842 7.263293 8.820550 1.563108
-339.787140 182.840363 -18.266506 19.019199 -44.266006 -13.098254 18.864580 -30.453457 -49.193893 -27.524607 -28.721697 7.922519 17.644588 -3.317310 -7.243562
-341.529205 118.425308 -28.568872 14.428857 -14.837221 -8.281736 -7.658144 -8.390215 -44.424065 -28.493341 -15.863534 7.246892 8.872900 -3.477304 -10.727156
-349.625458 57.377129 -45.211758 -1.700777 -14.854833 -12.279568 -13.562069 2.874322 -30.496407 -17.958511 -11.776892 3.017822 1.662631 -0.328628 -16.534718
-342.596222 99.560669 -12.731098 13.128321 -5.426575 -11.361754 -24.658703 -12.433311 -41.682228 -21.280983 -14.910769 -6.742026 -9.267144 3.922659 -14.515331
-348.830170 150.824020 -20.915249 32.398422 2.109604 -9.277759 -26.720415 -32.526024 -41.893646 -17.056971 -6.013728 -10.048670 -19.725000 15.080117 -13.343348
-357.619781 167.502563 -41.841026 40.082993 1.837089 -13.885462 -22.752155 -44.968044 -27.968924 -25.011444 -0.161141 -15.991325 -19.993088 27.816261 -11.529143
-366.556000 171.834457 -41.228951 30.841660 -0.618307 -16.319143 -22.750624 -52.342667 -33.575752 -27.952101 -8.433036 -21.823997 -14.578853 36.200390 -8.569151
-416.816132 158.581238 -29.701180 17.912415 4.015416 -21.423923 -26.214407 -49.662865 -42.751175 -23.718319 -9.806849 -25.616341 -9.075329 29.495136 -8.496571
-524.280090 117.559944 0.692671 6.690083 15.012170 -10.731013 -24.111744 -42.591076 -42.881348 -13.825556 -13.205797 -23.713245 -0.348627 12.557966 -2.425787
-597.995667 83.600586 38.344540 16.690292 8.231993 -1.530592 -17.520844 -32.134041 -24.750240 -8.185819 -9.000392 -11.231270 0.097665 7.102304 2.433268
