city031_061
BOOSOO
27
-562.171448 134.726654 73.366562 15.447717 -12.795413 -14.254892 -9.478464 -12.824561 -21.591866 -25.355370 -20.577499 -13.588341 -11.572744 -14.512553 -16.968227
-449.669067 192.492752 53.864784 16.310535 -44.108906 -21.417500 15.080961 -39.564556 -37.801079 -8.063215 -20.462185 -10.113893 -7.395769 -21.261587 -19.143974
-391.888214 195.008423 36.300652 30.662794 -67.208984 -37.692764 28.911690 -57.352421 -43.223511 -0.354556 -23.675274 -3.491418 -10.628141 -15.063456 -18.631283
-377.723969 191.882080 35.339577 39.703209 -79.665207 -51.863380 28.724894 -58.547943 -37.786278 1.474056 -25.233288 2.868462 -7.704914 -7.077974 -13.360216
-369.337524 192.069794 39.689289 39.066177 -81.039108 -50.993690 25.984497 -59.459278 -33.359276 10.396969 -29.443005 6.654643 -6.412115 -13.938103 -4.778396
-365.444733 186.976212 35.009995 35.361641 -75.829239 -47.946880 24.060698 -61.328041 -33.869354 19.074682 -29.231020 8.374543 -6.875886 -17.871613 6.206289
-360.380249 178.911987 31.345520 34.307861 -69.903175 -46.750786 10.615513 -56.266922 -24.654432 23.699902 -29.966677 6.370452 -5.058868 -19.941433 4.859348
-275.737030 144.579437 35.443874 27.907616 -42.539787 -37.263729 -30.054817 -49.516747 -22.493488 13.791456 -21.847023 -15.082499 -2.603951 -2.998171 -3.316321
-252.497910 148.830475 32.772087 19.083912 -43.546867 -28.464285 -21.503052 -42.722023 -21.151466 7.389549 -20.841467 -14.279562 -1.348033 4.308510 -2.121980
-302.223694 163.618408 30.137096 12.436533 -77.972656 -14.771792 9.047565 -44.267643 -15.286068 -0.164537 -29.210163 -2.195225 2.494273 0.664558 0.653486
-318.520874 122.492386 68.965103 2.724846 -102.586105 9.725595 25.432344 -40.292118 -38.571716 -19.352146 -18.563042 11.788662 -10.064365 -7.063697 -5.869416
-309.712036 69.373634 65.284149 3.498082 -62.113617 11.766196 3.676377 -18.200357 -43.357555 -34.803726 -8.527729 12.195778 -16.007347 -5.331611 -10.997781
-336.976471 15.879318 43.747498 -3.096996 -36.064526 16.096361 -13.992980 -9.348809 -31.734987 -33.167519 5.858147 13.232618 -27.173111 -3.563990 -12.791693
-327.989899 48.514668 54.504227 -4.630491 -38.508614 20.944496 -14.012034 -14.455540 -35.787155 -49.245407 -12.705255 7.365584 -29.160345 -4.293749 -10.947824
-310.279938 114.385620 63.283802 6.081732 -80.001282 14.467409 11.445341 -25.940443 -44.864876 -39.948273 -24.313091 4.092480 -14.943251 -2.436252 -12.422052
-333.188751 163.333603 51.136620 9.024625 -111.213837 6.755478 39.127182 -48.124428 -44.833118 -24.189529 -19.650585 -2.147547 -10.471756 4.928743 1.371372
-373.131134 192.065811 28.419456 20.393135 -99.664276 -11.268386 50.503372 -52.060547 -37.949501 -14.960950 -22.426567 1.415163 -11.303767 3.254111 13.721426
-388.367981 185.415573 33.717731 32.980759 -82.054672 -21.846987 46.675079 -47.257065 -39.505768 -5.205752 -14.908962 3.585226 -12.560646 0.259895 8.448422
-325.091766 154.371246 25.157259 18.331928 -54.666771 -18.641750 9.966520 -43.844429 -21.674915 9.607166 -16.062506 -12.938637 4.503102 -0.620490 5.487314
-265.851288 137.639160 21.437561 6.437386 -45.919640 -13.433411 1.364589 -41.531410 -25.146935 5.489117 -14.782581 -18.678061 5.661818 1.901056 3.143209
-298.299347 142.336136 23.122738 7.697155 -49.685883 -14.631592 2.009874 -42.027275 -24.477852 4.160952 -17.604610 -18.960442 4.235498 2.920550 4.603023
-403.556732 183.431213 42.304832 21.583946 -83.256027 -25.580948 17.194389 -42.824215 -19.730789 6.784228 -23.158190 1.625425 -9.128630 -10.233461 13.733728
-394.219696 187.233185 45.763046 24.068409 -98.946785 -29.807011 21.639687 -51.710297 -26.158325 -1.852286 -27.972073 3.334111 -11.744947 -12.295238 10.878035
-407.426819 183.545090 49.323975 23.799278 -105.136887 -34.824104 27.866516 -53.168686 -34.878975 -9.211006 -27.126102 1.181743 -13.602873 -8.511841 8.793242
-477.029175 156.111267 46.292339 7.680028 -83.063187 -36.464821 11.125675 -46.225952 -29.889526 -16.974699 -28.071886 -3.987093 -9.829749 -5.494192 3.796792
-573.780701 110.337219 45.390419 -10.266687 -40.402977 -31.897703 -19.542183 -21.330616 -18.335758 -19.903439 -19.365387 -8.236204 -6.410320 -2.144993 6.744502
-614.818604 74.921822 45.243614 11.572962 -12.932966 -22.981907 -22.170887 -18.078545 -15.943882 -15.769184 -14.251736 -8.968403 -0.951988 6.184662 9.272913
