city031_007
KICHIJOOJI
38
-453.557129 39.954742 13.469858 35.679214 -30.344051 -11.145341 7.855772 -10.241991 -22.873192 -19.357262 -22.627544 -10.754366 -2.599605 -10.452303 -1.026577
-337.466980 17.427235 9.995462 49.597725 -37.056671 -12.646822 2.511952 -13.783613 -24.536373 -19.856163 -26.320244 -6.483938 1.498139 -13.873523 -5.076398
-311.941620 -15.731062 0.399865 57.559704 -38.034630 -20.294952 0.221919 -15.080803 -27.362053 -26.195717 -24.051910 1.406705 -1.131565 -16.037352 -7.591842
-321.301788 -24.498398 6.495436 64.311401 -34.884865 -15.498295 -2.987255 -12.621328 -21.079823 -28.363577 -24.138556 -3.024738 -12.691065 -23.702366 -16.562023
-362.988464 6.729842 43.030701 82.822693 -19.442244 3.741001 -6.828138 -8.663199 -14.086998 -22.564449 -22.131382 -5.070726 -17.100843 -24.935421 -16.300619
-451.399384 43.140419 75.148788 77.607590 -10.934912 14.211695 -1.684934 -7.678210 -15.701986 -15.035695 -14.591925 -11.748980 -11.832839 -15.270071 -13.511059
-386.268799 -7.102300 61.896866 50.689285 -33.047382 9.186224 3.407862 8.887138 -14.629781 -28.044371 -20.477093 10.858617 2.872310 -4.950338 -24.088642
-341.259949 -62.615681 31.230352 47.093365 -49.161598 -13.298180 -9.459753 2.540925 -17.166561 -41.214561 -25.887756 11.297145 -1.622905 -5.831901 -26.053055
-328.209717 -68.805618 37.657654 68.696365 -32.690567 -11.769960 -8.513065 5.930039 -3.568648 -31.695530 -30.451326 4.221589 -13.915699 -9.914753 -21.591755
-287.835449 2.802000 68.981186 95.804779 -22.881468 -22.138824 -18.228680 -12.866774 -12.991014 -37.105312 -35.199280 5.780118 -12.711580 -3.759261 -19.362087
-278.945190 50.117832 45.842445 115.030746 -23.142391 -40.313744 -11.964730 -13.924131 -14.305971 -44.743805 -35.693336 12.138309 -11.763956 -5.394202 -15.846471
-295.840729 76.085052 6.522850 125.918961 -25.938780 -53.280758 -6.696497 -20.448627 -8.174150 -42.838535 -34.145260 17.557787 -14.506119 -12.206059 -11.151920
-320.421295 86.072525 -8.896114 127.825516 -18.094635 -58.161659 3.355001 -20.927021 -6.165652 -35.257565 -34.072365 19.937790 -13.236874 -16.984406 -7.575778
-322.813934 58.764359 14.991674 124.009628 -14.978585 -44.961948 -7.833692 -7.685652 -2.242256 -32.737732 -30.899858 12.768264 -2.774985 -8.271284 -9.749938
-307.654114 37.827629 27.709072 116.654533 -13.462820 -39.434288 -14.530390 -5.891720 0.170404 -28.433641 -40.392601 4.383768 1.736539 -2.221618 -15.839011
-246.493301 61.342529 -12.077148 95.430801 -0.932059 -37.721962 -26.422134 -18.856316 -13.234110 -20.655861 -32.477570 3.491962 -0.902889 -2.841570 -17.503246
-231.206009 101.326111 -51.647465 69.568718 2.018623 -24.908329 -21.514040 -34.323494 -24.389938 -21.215904 -18.276197 9.996834 -6.780083 -3.065766 -14.454985
-261.654266 140.208939 -60.088402 45.274696 -12.198727 -17.948187 -5.555205 -46.174713 -26.313110 -34.549309 -12.388494 16.909126 -7.694427 -1.647320 -2.421458
-293.854614 162.797455 -38.980694 39.585278 -28.349743 -28.624405 5.645664 -42.428856 -27.941116 -37.742371 -20.807716 20.005993 -10.181469 0.574344 4.200593
-307.096497 169.680695 -16.119528 51.450760 -36.815315 -41.249245 4.793006 -32.110485 -21.507744 -31.998344 -27.554108 8.264553 -8.562862 2.496296 4.993134
-307.543030 172.957687 -6.437449 56.905968 -43.989532 -46.802101 14.119507 -20.635078 -16.188892 -27.794472 -29.815342 3.030488 -7.487171 8.184500 13.493504
-309.650452 175.075439 -10.549126 47.163010 -48.718468 -44.980270 22.734919 -22.912441 -17.315262 -22.023769 -30.533209 2.527409 -7.706205 9.534964 18.100685
-307.290314 178.507477 -12.176364 39.714996 -54.702026 -44.358307 23.357788 -27.025562 -16.458496 -22.286533 -34.534554 1.880731 -10.764507 2.547594 11.761358
-315.348816 179.568146 -1.931775 39.882072 -56.838371 -43.605385 18.107870 -31.380018 -13.791762 -21.462757 -35.680794 3.557583 -12.069985 -5.919931 4.242917
-321.087524 178.762299 2.373571 38.563850 -54.576431 -35.941109 18.762669 -32.739204 -12.766539 -19.919146 -30.556557 5.675889 -14.011814 -6.738542 2.849994
-312.856903 174.972198 -11.491753 31.727638 -47.814323 -24.052288 27.214174 -32.035614 -25.474121 -27.059837 -29.201216 10.415775 -11.483177 -1.172159 2.927993
-300.114166 163.919830 -38.820206 38.442200 -23.945108 -21.038578 22.428650 -34.569069 -32.046211 -28.450191 -30.522665 14.393074 -7.331665 -1.164280 2.098764
-288.397003 149.552567 -48.573086 63.121269 5.260218 -30.187218 10.774950 -40.715637 -34.105331 -23.381783 -30.846861 12.317209 -3.155952 -7.919451 -11.925153
-285.129456 88.336792 -4.254740 78.764877 20.170738 -23.662472 -6.635652 -31.822313 -31.444347 -23.895687 -29.020449 9.524636 2.473948 -4.824857 -23.492308
-288.123627 35.800102 35.104542 97.625885 -1.313120 -29.408167 -16.130445 -17.491991 -18.661337 -20.805328 -37.206047 15.251055 -7.765129 -11.792416 -16.429649
-266.098541 47.700363 24.077183 103.997864 -9.649960 -49.586723 -18.408293 -0.976770 -21.164486 -24.728462 -38.572533 19.533958 -11.608240 -9.614315 -14.482213
-257.634491 87.882263 -7.110188 110.901993 -10.094399 -57.883751 -7.367393 -1.569188 -24.616369 -25.889584 -34.192940 23.589703 -13.998324 -8.631872 -10.437462
-273.532959 121.495369 -34.585129 122.959396 -13.778225 -59.090065 6.485880 -11.918449 -15.852572 -36.678917 -27.767242 21.719910 -18.973564 -6.482289 -4.922051
-304.387207 127.553787 -32.868607 125.126785 -7.060085 -63.225105 5.257070 -20.319698 -16.639454 -45.378490 -23.693947 21.396107 -22.631435 -7.871151 -0.336528
-368.121918 113.553612 -9.204493 108.883148 -1.473769 -61.413933 -1.323726 -8.863333 -20.832561 -49.168560 -22.059927 11.413431 -29.925499 -13.818076 0.582263
-473.289642 82.537743 18.345697 69.265808 -0.358269 -46.113861 -7.477784 3.314334 -15.370660 -37.631126 -12.062913 -2.110684 -35.826866 -12.761297 2.013986
-543.264709 63.032433 35.857994 48.025841 19.723606 -21.193922 -16.255423 -6.090328 -21.168356 -26.130896 -7.394173 -4.916821 -20.305153 -13.900962 -1.644851
-571.489258 52.175255 41.546394 33.266346 20.203226 2.725092 -7.321169 -10.265932 -15.397049 -18.778278 -13.660891 -8.411706 -9.403678 -8.290739 -2.790708
