city031_031
MARUNOUCHI
31
-599.201416 52.550102 44.001747 31.375389 16.729160 2.295714 -9.966590 -18.728418 -23.473560 -24.484112 -22.650970 -19.175606 -15.249012 -11.789102 -9.291769
-463.810455 145.656219 27.082006 38.754890 33.575272 -19.719700 -12.916451 4.656687 -30.858183 -51.743065 -27.264469 0.615916 8.945297 -3.125113 -17.909576
-350.071503 184.865051 -15.550454 32.176292 5.957639 -35.950996 1.648713 8.598087 -17.350565 -35.046825 -27.639969 -4.177238 -4.003482 0.046395 -6.226785
-290.007172 194.803772 -32.991020 9.561231 -19.202866 -38.509892 0.989801 5.500941 -17.836605 -27.248068 -18.385677 4.021108 -13.542053 -1.001350 -7.581227
-270.128632 192.407654 -46.890308 -13.239801 -30.318527 -41.139362 -2.745419 8.352104 -18.698549 -19.158899 -16.158567 5.822008 -18.958231 -6.369902 -9.081799
-236.028244 194.499695 -71.718674 -13.398861 -33.258438 -59.208305 -3.385293 12.928757 -34.643101 -15.367743 -16.131153 10.055834 -12.003319 -10.988301 -17.629112
-221.249588 202.976013 -83.030167 0.674223 -29.236458 -62.365822 -4.194633 3.145892 -36.816833 -22.361668 -9.474506 11.201782 -17.084299 -2.758957 -15.098474
-220.617401 191.473877 -83.797821 16.952301 -21.422382 -44.669029 -23.469604 -8.583690 -21.262356 -25.151281 -0.947519 3.455423 -21.135109 11.786064 -6.470680
-211.451340 155.054062 -69.643570 23.983898 -21.496872 -30.896675 -38.039200 -9.874758 -16.484329 -22.086327 -3.263543 -0.974540 -24.930622 12.198657 3.268771
-220.701431 136.929871 -59.546455 34.541691 -15.553131 -32.058933 -36.823925 -9.290239 -16.841467 -16.024374 -8.516249 -0.045497 -23.053421 14.042311 0.096330
-264.784515 141.765503 -50.448414 41.208031 -1.427819 -37.895111 -31.643606 -8.071061 -17.016960 -6.952989 -13.058054 -9.760406 -26.106794 24.490536 -11.853319
-321.060516 154.451569 -40.522232 48.088394 7.601627 -44.066048 -15.116870 -19.532784 -16.646118 -6.223041 -13.590479 -22.232235 -18.067539 24.863522 -17.787575
-347.126892 167.367722 -44.233269 41.508453 17.043430 -40.245827 -7.735388 -19.315418 -29.120663 -5.198376 -5.840945 -22.520359 -4.703770 17.887434 -7.640471
-320.170746 191.054779 -48.345291 20.513920 3.264168 -39.461010 -4.593494 -9.484854 -22.001976 -14.672314 -2.671510 -10.707838 -8.897237 21.316181 -3.430674
-288.856232 202.299347 -55.114223 12.433360 -19.379955 -42.148289 -3.022922 -0.493073 -6.386433 -32.044880 -2.429493 5.675234 -18.325809 26.635361 -2.047119
-270.149872 200.035950 -57.037056 19.836466 -34.068611 -51.234020 0.468996 7.734239 0.729043 -35.040024 -15.084176 5.138568 -13.230309 24.006027 -5.066544
-270.339050 185.258392 -51.056675 19.251076 -36.842194 -53.762604 -2.653238 10.023417 -5.828000 -28.146355 -25.159815 5.396611 -11.293751 24.764252 -9.009596
-281.583008 179.598877 -55.166756 11.534054 -26.629719 -40.972504 -3.288059 -2.765985 -17.780437 -20.457207 -15.878757 2.287217 -18.084400 20.960159 -11.262196
-303.781433 177.980865 -58.366005 17.084290 -2.007070 -34.817997 -19.735493 -17.763573 -23.549603 -25.211678 -4.827317 -4.400561 -25.065895 15.276167 -9.496040
-339.770966 176.513519 -44.316521 28.231812 25.059881 -27.617208 -29.823904 -17.586142 -15.061483 -28.091867 -7.717829 -13.823570 -27.423159 12.789857 -6.185934
-364.882538 105.346909 3.505973 51.312065 2.588261 5.084879 -37.578087 -8.135075 -8.975002 -16.100147 -18.077137 -24.024565 -8.260029 -1.418539 -9.309971
-340.874390 -0.342319 31.550934 57.853683 -47.882690 -10.968425 -11.662799 13.812282 -7.148014 -13.246812 -24.459038 -12.791218 -15.423721 5.106611 -5.433126
-312.515198 -37.815090 34.491737 60.227898 -72.703857 -36.199276 -5.989382 14.288383 -13.611162 -22.527351 -31.772167 -7.967054 -11.712937 0.622356 -3.476653
-258.480408 3.831974 50.122623 100.803177 -39.660984 -50.129112 -25.546146 8.677353 -16.020050 -32.002491 -37.287201 -8.105719 -15.196783 -15.791920 -10.771836
-235.482605 45.352238 19.695339 109.891510 -24.298504 -65.047005 -29.894547 8.969861 -13.800409 -26.249043 -30.519321 -8.580496 -20.080517 -11.633316 -13.840475
-243.925247 84.183228 -15.172376 118.232239 -20.271605 -69.272690 -16.262432 6.962898 -15.255381 -28.325123 -34.365395 -2.974148 -21.340353 -1.664531 -11.295563
-275.255493 116.863724 -28.327375 127.427353 -19.183380 -82.739632 -8.139729 -3.383223 -12.536001 -34.024242 -37.794746 3.761322 -23.198795 3.921478 -2.795959
-337.629791 121.132736 -23.797220 118.611488 -14.907633 -83.668213 -11.883752 -6.041226 -13.190897 -39.977226 -35.314804 -0.628727 -17.641624 -1.984005 -6.293511
-427.144897 101.164398 -23.785995 81.296516 9.013226 -79.601631 -26.611580 5.740118 -17.045750 -37.851097 -27.094759 -15.754550 -8.667715 -5.551277 -12.853656
-537.496765 52.127949 -13.652109 47.230598 21.919880 -57.305779 -34.609657 4.075211 -16.891237 -27.503689 -14.216352 -11.823397 -8.481503 -5.459254 -10.977916
-614.365906 20.737175 9.904240 17.177235 8.615431 -11.609613 -11.064253 -6.498783 -17.139288 -18.576660 -6.835933 -5.747891 -8.357201 -0.650460 3.073130
