city031_045
GAMAGOORI
25
-465.974030 126.317062 -6.092752 -55.156635 -26.352409 28.986588 -22.071518 -34.752289 -18.709791 -30.096966 1.326274 -18.727674 -8.331054 1.471373 -20.615978
-322.000427 162.266693 -23.384640 -6.354137 -42.310646 -1.693838 -20.246616 -29.303345 -9.365889 -50.804062 31.246168 -1.219165 -30.267246 22.184185 -22.512697
-252.458572 185.207748 -50.651443 5.028795 -58.190060 -22.472178 -11.535007 -23.429276 -4.695606 -55.829037 26.509270 11.584494 -34.904102 16.982611 -26.140656
-243.311478 191.062607 -64.965714 0.278834 -52.096985 -32.413651 -1.382688 -18.188667 -5.068931 -42.050148 9.210968 24.773602 -47.612064 20.573719 -21.955673
-258.300629 188.079193 -57.355690 -0.347536 -36.168259 -40.312153 8.223839 -3.470298 -6.082040 -35.350479 -8.984262 17.609447 -50.913269 15.831382 -22.938618
-272.183594 189.982925 -48.130417 12.024904 -18.548370 -56.616352 9.080275 1.936403 -20.138851 -35.969971 -26.007774 12.637074 -37.227135 19.010298 -20.962582
-259.540131 183.615875 -64.327713 3.204596 -11.026911 -50.597610 11.887573 -0.732416 -16.011200 -37.907299 -25.855885 16.023518 -35.367126 26.364250 -18.602247
-243.936859 180.209427 -77.310051 -4.317939 -19.729530 -33.882801 13.371931 -5.285492 -5.016361 -45.683708 -15.166853 24.071693 -37.789036 31.533438 -20.920925
-245.866516 177.343658 -66.554787 8.295902 -32.087158 -27.306896 11.314663 -13.009533 -7.859643 -46.505573 -4.695835 21.084450 -23.767742 38.199417 -32.008099
-290.310242 174.202576 -41.108566 22.195366 -37.989563 -21.641823 3.202667 -15.235787 -15.853130 -46.227337 5.339345 3.557312 -11.122557 34.993126 -34.865467
-333.468140 186.150635 8.587256 14.286583 -52.568787 -17.301006 -5.808578 -7.335242 -21.725853 -46.863586 11.721748 -26.965336 -12.436522 31.795521 -28.772614
-347.170563 201.617676 40.341846 2.897853 -66.959839 -14.155119 -8.485627 -12.389037 -18.550461 -52.339821 4.502838 -22.566765 -16.463776 26.737568 -22.538345
-348.006714 203.887085 30.831062 19.171919 -58.047867 -29.282402 -1.809670 -23.451820 -26.611660 -39.563358 -3.537885 -7.367257 -23.439962 13.571290 -10.232342
-344.853638 202.260422 33.623913 12.566666 -61.918049 -43.959827 10.279166 -27.558470 -40.238216 -28.760647 -18.500206 4.694340 -22.591450 14.665490 -2.469697
-324.917084 201.643402 28.013636 2.307199 -76.530823 -51.503857 23.996397 -17.737030 -46.597862 -27.638744 -22.104647 6.355916 -24.774744 21.234945 -0.135290
-279.440308 201.821259 -24.221836 2.605298 -55.711933 -54.440605 21.992645 -15.065437 -46.218662 -29.103912 -27.370617 8.681702 -22.964437 13.472404 0.431565
-258.718170 195.554291 -69.111435 13.219830 -14.286920 -45.876923 7.733804 -28.447800 -36.526463 -30.902611 -28.450169 1.575716 -9.177162 5.530352 -7.204346
-255.540726 177.622375 -80.893967 41.354256 6.632371 -36.038948 -4.321902 -22.650965 -28.868290 -29.870466 -10.330354 -16.247478 -13.779655 17.523087 -20.662689
-247.040512 130.195435 -61.141495 77.554489 12.115595 -38.861691 -6.473097 -18.490063 -20.983177 -36.527706 -5.171919 -16.245003 -32.025867 40.648781 -28.147827
-259.239014 108.925034 -29.683971 110.545288 1.791310 -47.684750 3.870629 -16.550795 -18.276558 -44.063683 -2.134150 -7.016327 -35.198456 45.188797 -28.430336
-293.395538 106.510277 -7.897431 134.180328 -14.093319 -52.941376 13.063507 -13.133945 -14.861581 -45.126633 -0.274694 -5.186154 -38.398464 39.960808 -20.025841
-350.707184 105.296768 6.648407 137.550140 -23.272141 -50.344189 4.774105 -10.699935 -16.031042 -48.632343 -1.135531 -14.252021 -34.558670 34.807259 -20.148333
-450.834351 85.736275 31.785488 111.214005 -22.263723 -44.465645 -4.953753 -11.259426 -28.725412 -48.989971 3.892236 -20.584602 -28.295593 22.030094 -21.019665
-555.087463 63.609657 41.165142 54.660217 -0.482796 -21.083492 -10.110037 -11.517439 -27.224129 -27.449577 0.196470 -23.220699 -26.913071 6.604705 -14.360014
-603.650635 46.049778 35.983681 26.351452 12.962016 -0.561974 -7.675291 -13.075706 -18.997383 -18.844959 -14.853165 -14.372725 -13.803099 -10.280775 -9.451124
