city031_085
RYAKUZU
23
-565.669312 56.730537 40.410980 36.323250 9.714931 -16.605358 -17.874847 -25.867039 -35.323212 -22.086872 -13.939945 -15.776991 -3.083023 2.965567 -6.581891
-471.552094 104.349434 24.802372 75.425392 26.876873 -58.627808 -26.425972 -8.373637 -39.948357 -26.678190 -13.736881 -14.013090 8.484596 -3.846107 -28.261307
-373.267365 117.651733 -11.530435 90.547745 2.782422 -39.149269 -15.626575 -36.288666 -19.439487 -29.936296 -22.034473 -2.346068 -8.011190 -4.977245 -23.412460
-269.709076 141.647079 -65.748840 79.534470 -16.914736 -36.553833 -14.828369 -46.883774 -10.833248 -36.814953 -16.677933 11.744648 -12.118248 2.165710 -19.513138
-201.472580 148.592804 -81.195206 53.053860 -23.553770 -33.723724 -24.749023 -38.674980 -6.769893 -23.580336 -5.920522 14.884609 -16.920864 12.311808 -17.605394
-198.419449 152.564682 -81.628830 27.728456 -23.598953 -24.468653 -25.300568 -27.580873 -4.903374 -12.273200 3.750272 9.436255 -16.075684 6.831342 -14.334291
-240.115494 158.370804 -73.007774 6.826866 -13.929530 -9.818325 -25.581285 -18.859018 -15.109056 -3.452899 4.620166 3.857455 -9.649432 -6.966749 -2.644978
-312.427094 139.660278 -48.668617 -14.919609 6.793660 1.939589 -27.965752 -14.075659 -26.241636 -9.142221 3.130618 11.335976 -5.727013 -7.362578 5.803283
-378.876831 82.701569 -31.454865 -8.511027 -12.631414 20.205273 -35.412647 -9.517504 -20.513994 -15.273308 16.649952 -10.361660 -2.736337 -3.561346 -10.875280
-248.909912 77.181122 -34.106094 16.521404 -14.753292 22.040440 -44.744793 -17.762913 -20.681000 -37.237305 11.542307 -31.735197 1.511271 -2.249017 -13.571684
-201.746017 91.618019 -20.731443 31.436989 -2.916810 13.456722 -41.386993 -13.903460 -25.702938 -44.516190 13.531473 -26.489075 -7.869735 7.324973 -12.956390
-214.962234 94.955963 -19.036211 47.710464 5.771420 -7.909452 -29.856682 -25.973423 -24.440514 -57.844887 3.301759 -10.870914 -22.515923 19.682880 -13.048909
-234.687271 81.482384 -16.028940 47.383362 10.028041 -13.093639 -31.028143 -38.253944 -30.273165 -53.509689 -12.459339 -4.841623 -24.525925 29.013542 -11.142376
-251.746994 65.247803 11.136765 38.681110 16.984682 4.526085 -47.980534 -27.753830 -40.062283 -37.601562 -19.144630 -5.040707 -12.166304 24.834841 -5.405163
-272.370422 41.098778 51.764088 15.264425 26.858349 13.321074 -56.143494 -11.973691 -47.616894 -23.904646 -9.407686 -16.915621 4.672920 20.329693 -8.058815
-291.730988 26.813208 71.924034 4.699276 22.807169 11.350977 -53.429836 -4.987949 -45.052826 -13.272224 4.351075 -20.627502 10.259865 11.831202 -14.124146
-268.155304 43.079826 49.291237 21.405531 14.546083 3.658691 -52.316055 -17.238234 -44.569191 -15.040574 6.349338 -19.146305 1.151780 13.685886 -21.296663
-259.048615 67.466782 3.716252 32.917679 2.683820 1.519875 -45.507469 -28.207706 -43.583672 -22.441666 -2.092432 -24.120167 -15.075069 30.092857 -23.081579
-277.731018 92.577011 -24.778862 37.355965 -10.719278 -10.006599 -36.402256 -46.418728 -40.303123 -32.323673 -6.638256 -22.454563 -33.149193 40.810677 -33.457054
-331.207184 115.624130 -20.377449 46.389412 -11.839813 -14.062380 -26.339256 -62.672112 -33.677593 -37.807465 -4.132139 -23.867605 -32.067860 35.915802 -31.449593
-431.903351 109.426888 4.628206 31.806736 -13.531265 -8.090601 -29.731897 -61.024029 -36.262115 -27.434952 -7.085344 -28.160175 -17.070446 23.986286 -26.049625
-552.148254 57.556694 26.347626 24.327290 0.626820 -15.854801 -24.269611 -38.119633 -30.915520 -14.307840 -15.776218 -23.706196 -5.355469 11.840182 -5.235045
-587.495605 39.467922 32.008621 21.850105 9.020771 -2.834486 -11.643966 -18.291435 -21.020420 -19.556740 -16.654135 -12.150839 -6.287010 -1.823759 1.592305
