city031_079
HYAKKATEN
27
-444.952576 -22.707870 -9.374804 61.196068 -53.603928 -13.808957 -13.381893 -16.741867 -48.075394 -4.684758 -4.859730 -0.839589 -7.992305 -3.835106 2.401556
-304.263824 -9.531696 -25.409149 51.127403 -60.871712 -23.866123 -29.305189 -17.782921 -55.665318 -12.789096 -19.928825 1.290042 -18.914043 -11.351816 -7.327561
-227.694763 42.316296 -20.746115 45.303162 -48.591461 -15.033649 -30.726837 -15.626217 -43.542229 -3.818234 -5.263753 7.280913 -17.824820 -6.817687 -9.520231
-186.957962 119.946533 -48.423519 14.403906 -33.200886 -9.663186 -32.849293 -20.526377 -35.955376 -9.885238 13.776756 15.413944 -26.642185 -6.194631 -8.364842
-205.983704 169.088898 -71.734924 3.875522 -25.998133 -16.579315 -24.523628 -38.393524 -32.216763 -17.513695 14.562786 35.494942 -29.429184 -13.399836 5.065063
-268.160095 178.697464 -62.832222 3.702614 -21.210535 -2.855649 -30.093143 -52.819145 -31.736240 -40.823956 20.182819 42.094215 -28.313244 -21.022387 8.507868
-350.958710 164.799225 -20.778946 -0.671470 -7.847322 13.633951 -38.922852 -50.027863 -36.825157 -51.182457 30.429243 39.771545 -28.393192 -21.851931 2.989978
-455.903809 132.939484 2.957031 -13.174176 -2.100229 2.621092 -20.386494 -32.811649 -36.606026 -26.747643 23.351583 16.219046 -28.598480 -20.526102 -1.832125
-538.632812 86.368896 16.824131 -13.941317 -8.878986 -5.042584 -16.503626 -32.203583 -31.157219 -8.193408 10.383150 1.183188 -18.291634 -17.877026 -4.248279
-590.501709 40.851852 16.820665 -1.416674 -7.205350 -6.557758 -8.968326 -12.637730 -10.762077 -3.674334 1.130210 -0.966216 -6.659366 -11.166197 -11.172415
-299.476471 78.355293 -40.398140 -16.399170 -33.169731 7.488151 -40.054565 -13.797659 -36.832916 -23.209549 8.852471 -19.196228 3.967672 3.239286 -18.387903
-191.370590 99.842636 -40.218307 0.614494 -45.631012 1.147584 -31.412663 -18.186947 -36.379635 -16.222296 11.200336 -12.347702 -0.788659 1.714677 -17.174643
-175.254288 114.985062 -48.956924 8.456438 -53.644569 -6.827274 -14.469671 -30.112562 -29.894163 -13.888153 14.833148 1.612297 -10.620366 4.636045 -14.246119
-205.643799 137.875412 -57.138302 17.752106 -43.108467 -21.076714 -0.479225 -49.720516 -28.041571 -10.018548 7.190701 21.511398 -29.736917 10.099876 -16.026630
-247.613068 141.770386 -30.837360 25.115932 -21.369049 -25.791765 -3.416066 -52.007492 -40.059479 -2.986380 -4.050607 26.606869 -31.268097 2.636597 -12.318199
-313.541870 120.989883 -11.378681 16.678160 -20.075027 -13.091961 -22.713839 -27.558790 -40.233444 -7.520873 -7.624169 10.838693 -11.815586 -7.619180 -10.973592
-259.681244 87.931808 -16.049212 30.617180 -22.139498 -19.859144 -21.569641 -10.502628 -48.968468 -17.516411 -21.935089 14.686720 -3.481388 -13.044340 -10.925310
-205.548203 103.261795 -24.711672 51.874535 -15.873921 -36.417221 -26.014900 -15.434397 -44.244545 -17.135822 -27.260366 24.242552 -1.945638 -12.159588 -14.999165
-203.617401 117.827126 -35.967987 54.801533 -20.973949 -43.611702 -29.348965 -15.008333 -35.619164 -14.800190 -26.153633 32.495621 -6.635191 -18.199718 -15.532796
-228.938843 125.368530 -46.588978 45.980576 -18.325417 -37.188698 -27.384716 -14.221087 -25.817902 -11.977976 -24.415852 34.825432 -17.230742 -15.450012 -14.641399
-271.860718 140.107086 -44.523102 43.236065 -11.693284 -30.689449 -27.644608 -22.651798 -20.988045 -23.886030 -26.259779 28.476364 -18.938801 -11.761267 -16.224220
-333.589630 161.004547 -35.743996 37.221561 0.818633 -25.789135 -26.480820 -32.892799 -10.009775 -34.431557 -19.117710 9.709144 -23.542809 -10.020807 -12.419516
-404.773743 159.202393 -0.308471 27.794891 29.224953 -15.207378 -38.345818 -29.717249 -16.010050 -32.434193 -15.268309 1.770253 -24.169937 -12.534909 -7.335654
-486.224030 133.822693 45.032204 39.863197 39.781944 -7.867294 -39.054420 -33.827286 -29.588533 -24.636230 -10.526084 -8.663277 -17.041752 -15.971786 -15.632319
-540.444824 107.974747 75.977959 45.738586 17.137352 -9.569017 -26.880421 -31.559393 -27.000862 -20.051306 -15.644377 -13.750454 -13.313231 -13.867455 -15.533889
-569.272583 76.015640 59.095352 36.160461 11.114227 -8.945730 -21.321220 -26.864670 -25.269264 -20.443424 -16.662785 -13.824586 -13.447391 -15.440567 -16.091885
-604.753662 30.571541 24.802769 16.425041 6.962663 -2.009104 -9.217353 -13.930894 -16.030672 -15.912670 -14.275583 -11.874136 -9.317617 -6.965785 -4.933221
