city031_034
MEJIRO
24
-581.412048 17.562952 14.022206 8.697979 2.358597 -4.097367 -9.781062 -13.948013 -16.105272 -16.074337 -14.001219 -10.314507 -5.641199 -0.696707 3.830787
-514.997620 101.726089 73.312996 38.453529 8.148926 -11.863875 -22.081760 -26.239487 -27.531803 -27.015314 -24.580578 -20.599476 -16.316839 -12.848988 -10.201525
-416.668610 166.596985 47.804665 21.527588 9.880874 -23.547308 -24.866018 -6.415870 -19.173615 -38.959679 -21.915377 -10.303061 -24.622147 -12.428085 1.919016
-286.479706 151.328247 -26.764555 62.124969 -7.848538 -41.631874 -5.226621 -15.249163 -15.413095 -28.180105 -28.045771 -0.601330 -34.438362 -2.347770 -1.973797
-228.111526 122.606171 -39.511520 80.927185 -21.753904 -48.351242 5.841037 -24.191555 -18.100248 -28.410099 -28.130386 6.402512 -36.344238 6.000260 -9.058069
-214.843582 101.280701 -36.220001 84.924454 -29.387882 -54.536751 18.824091 -27.587448 -14.711426 -26.761856 -32.392136 15.228050 -29.091192 13.119894 -13.179591
-216.965668 90.690872 -21.324633 84.284866 -31.465763 -58.815559 11.864841 -24.328449 -9.432305 -21.918491 -35.621468 15.079855 -23.342285 16.073795 -13.538179
-229.939041 92.273872 -10.059402 80.966995 -20.252346 -51.492279 3.017087 -25.538818 -10.850792 -19.795349 -33.308334 9.050575 -25.418846 13.268588 -14.786030
-269.341156 86.081169 20.663828 63.583405 -8.746494 -32.958847 -8.367209 -8.417901 -19.903374 -8.899518 -30.098759 1.966563 -18.986179 1.402675 -12.776356
-293.324707 39.075802 75.390038 46.473572 -28.746189 -6.972145 -17.834667 10.076006 -31.865635 -5.404218 -28.748453 13.712709 -15.399397 -1.165782 -15.784704
-247.227646 29.795147 71.815994 65.619591 -43.153511 -18.738930 -21.120356 7.044074 -33.984016 -6.154723 -27.445541 12.757932 -17.543951 -0.473795 -10.377523
-206.591354 42.189304 28.976126 72.621048 -41.230469 -17.678841 -19.603636 -7.773992 -34.199001 -7.324383 -28.659630 6.688230 -20.021336 -4.818030 -11.043590
-198.666061 63.395859 -1.150614 89.605682 -43.817299 -24.446674 -12.175186 -20.714565 -30.059965 -15.820160 -31.233315 2.948687 -20.990223 -4.598604 -4.444093
-222.248703 90.654388 -26.588573 107.153320 -38.096832 -38.757584 -5.350143 -32.663265 -27.136326 -22.354034 -31.675611 5.811485 -18.460943 -5.794739 -1.366285
-229.530609 118.973923 -69.594193 89.156570 -21.412447 -45.623829 -4.716090 -41.726685 -24.943548 -13.153330 -38.082008 10.381963 -10.911589 -5.910000 -3.079789
-209.378113 134.491699 -78.568054 57.616665 -12.747574 -41.191757 -6.185132 -35.656071 -31.786591 3.779641 -42.142643 6.489217 -8.833132 -2.890618 1.731132
-194.239044 160.385742 -75.965111 20.320389 -22.080040 -35.957970 -6.546432 -26.008949 -37.477364 6.851617 -26.883125 6.562229 -9.156760 0.908414 5.166078
-202.443802 192.939529 -67.719856 -5.874819 -35.165009 -42.397552 -0.612752 -13.645990 -35.801102 -1.253672 -22.372025 6.520651 -12.510044 1.607877 9.714928
-241.434601 209.134766 -40.323540 -20.203304 -46.900711 -53.255898 -0.529037 1.769225 -30.134747 -14.610717 -20.575153 7.082088 -16.798132 -6.955919 10.352825
-293.508942 214.183884 -2.354012 -28.637611 -59.956604 -61.112793 -10.838541 14.142597 -30.140339 -32.456032 -10.532057 7.582996 -9.555037 -20.353346 8.434461
-344.659424 202.557556 25.828903 -30.984228 -69.423676 -69.257011 -14.291538 20.270872 -30.692692 -36.683060 -9.025370 2.973087 -6.122512 -15.185915 9.352419
-415.950806 176.174194 49.278809 -31.962040 -73.223938 -69.377495 -20.681313 10.341868 -19.686424 -30.998283 -10.929963 -12.069126 -16.334425 -0.047942 11.415895
-496.832977 109.863518 46.688377 -14.630335 -53.730804 -57.295570 -29.077667 -1.438043 2.483733 -8.050670 -20.601183 -29.039452 -21.331785 0.417990 13.139746
-543.934143 58.492046 25.980223 -8.316273 -28.160366 -28.133486 -15.341137 -2.710475 0.642218 -5.086205 -12.400701 -13.594372 -6.986820 2.313930 7.092614
