city031_099
HAPPYOO
33
-444.753815 69.259232 -54.536919 -0.265182 -28.654083 -44.478241 -10.502205 29.860935 -9.774412 -7.323242 -11.836540 -4.731956 -6.689804 -3.258932 19.672012
-357.256378 113.927948 -37.536362 4.159151 -35.773918 -35.411003 -16.559210 29.946949 -26.281384 -1.650590 -18.201090 -5.397090 -7.935701 -12.805347 18.498993
-278.395233 173.578461 -23.371639 -13.126878 -37.584934 -37.181427 -20.989281 35.741375 -43.834290 1.304559 -20.539108 4.143652 -9.986162 -16.946884 14.537554
-249.888962 189.201584 -29.163664 -33.429554 -27.739658 -48.251648 -32.483654 55.268913 -52.644505 3.609678 -19.121531 5.284831 -10.856968 -9.795181 6.162890
-266.763580 192.413147 -26.412695 -41.929180 -26.100677 -59.636600 -34.476341 61.944740 -58.963371 -4.871736 -16.385056 9.290392 -1.416300 -2.185102 -6.033797
-323.909912 197.613678 -2.590295 -29.422649 -24.519608 -66.142776 -23.319878 56.022469 -51.829681 -26.514713 -17.120651 12.929647 0.769351 -1.402810 -24.153542
-414.990356 186.523407 20.072567 -11.408595 -28.615723 -57.819679 -1.811187 34.112694 -33.732597 -42.438793 -7.135622 8.546279 -5.504008 -7.567433 -25.863106
-508.998260 133.551498 35.142635 -16.765583 -40.104706 -36.881691 -1.517547 6.318896 -23.661518 -25.357300 -1.067887 2.041067 -3.148739 -4.559554 -19.245876
-563.518860 91.926445 36.510628 -16.313292 -40.851532 -36.399956 -20.689297 -10.483246 -9.047737 -9.542278 -6.448719 -1.684840 -0.799009 -5.651345 -11.957975
-596.813660 55.460014 22.900719 -12.924305 -36.181824 -39.912590 -28.097034 -10.974676 2.108067 7.272859 6.008588 2.038832 -1.662280 -3.816126 -4.169199
-622.442627 25.923414 9.669885 -9.038424 -22.195850 -25.048088 -17.988653 -5.688859 5.738301 11.800571 11.342779 6.335456 0.252002 -3.868132 -4.687644
-640.720032 5.221391 1.943857 -2.004641 -5.031594 -5.960245 -4.509600 -1.384525 2.053866 4.384829 4.727251 3.084281 0.294796 -2.370679 -3.779008
-645.205811 0.112108 0.031461 -0.062982 -0.129806 -0.139707 -0.088343 0.001762 0.091094 0.140479 0.128261 0.059796 -0.034890 -0.114276 -0.143550
-645.307373 0.000000 0.000000 0.000000 0.000000 0.000000 0.000000 0.000000 0.000000 0.000000 0.000000 0.000000 0.000000 0.000000 0.000000
-645.190186 0.144431 0.088607 0.019029 -0.039109 -0.066318 -0.056557 -0.019410 0.024124 0.050518 0.043642 0.001633 -0.062088 -0.124098 -0.160389
-645.307373 0.000000 0.000000 0.000000 0.000000 0.000000 0.000000 0.000000 0.000000 0.000000 0.000000 0.000000 0.000000 0.000000 0.000000
-597.566345 21.926170 -7.587983 26.058517 5.724305 -37.217346 -16.812279 -1.243810 -18.193434 -11.862486 -0.411588 -3.525543 0.850359 -0.513201 -5.592901
-401.517365 48.213348 -44.559307 51.490456 -16.636820 -49.137695 -30.800900 -1.801310 -30.363995 -10.887414 -15.118236 3.969912 -15.085636 1.440279 -10.530015
-315.662292 85.775085 -22.952892 83.683838 -0.385718 -37.782516 -28.963745 8.148004 -31.044020 -16.191633 -23.896860 2.236661 -18.045153 0.463619 -10.788660
-282.062103 130.729950 -35.682518 83.663315 17.451805 -46.598206 -37.994495 7.339057 -20.300495 -28.187063 -31.034523 -3.931871 -13.678362 1.717475 -0.388244
-276.882782 178.260162 -55.231621 52.146809 29.289595 -46.301418 -35.723648 -5.649474 -15.450872 -29.057152 -22.084347 -0.739893 -13.249664 -0.600348 7.185601
-310.962097 203.953308 -49.341728 14.857681 24.382801 -37.162819 -37.457809 -3.749817 -14.872011 -40.356712 -19.004330 0.831218 -15.244321 -0.936045 10.060440
-358.025055 215.146851 -15.353715 -16.159576 10.440399 -35.242706 -41.338776 13.136363 -11.266275 -53.197079 -17.284227 -7.249391 -17.605356 4.256077 13.804175
-383.216705 212.300415 12.255854 -10.431143 -4.589945 -46.650570 -36.853226 25.685415 -7.977258 -50.655212 -18.196640 -12.256639 -10.756632 9.988726 15.032408
-398.107574 210.945129 27.305447 -5.513249 -17.449936 -56.460335 -26.588055 25.094334 -16.781605 -46.274559 -8.290833 -7.968904 -18.444187 2.425627 6.903250
-405.044678 207.496521 34.374130 0.477583 -22.175900 -61.633820 -22.581778 19.556030 -22.649372 -34.204330 0.034070 -4.275619 -20.753908 -3.327642 -1.128592
-409.397949 202.807556 37.424744 2.992558 -28.086891 -60.884613 -17.516294 13.687524 -25.092808 -22.206066 3.462676 -12.612513 -21.776201 -0.449615 -0.843189
-421.022186 202.889008 51.972458 9.672982 -32.688599 -61.525093 -17.985456 2.913604 -21.707058 -8.600470 3.563686 -23.251839 -22.558302 4.839784 -1.388255
-435.454956 198.634415 61.776329 13.054926 -35.974461 -67.265762 -26.233027 -4.447382 -20.870474 -5.975141 1.902069 -25.782282 -20.746407 6.656958 -4.588488
-474.162292 181.779327 80.595505 13.378302 -44.156387 -68.708298 -35.131145 -13.778629 -25.129902 -15.338461 -3.767972 -19.845100 -19.749218 -3.239409 -10.747503
-522.475769 145.290085 80.589615 14.062016 -33.846226 -51.657013 -43.203606 -30.019665 -22.186275 -13.454039 -7.190053 -10.171972 -15.659408 -18.156713 -17.654663
-582.469421 76.365578 44.647274 7.538601 -21.060238 -34.009262 -32.606300 -23.404612 -13.566179 -7.816401 -7.607177 -11.421744 -15.544127 -15.674409 -9.518240
-628.821045 20.080496 11.689362 1.434761 -7.003469 -11.252690 -11.166243 -8.537882 -5.849966 -4.804122 -5.458107 -6.406300 -5.828537 -2.747144 2.256554
