city031_051
ZUSHI
23
-478.782288 -64.328781 2.084395 -13.943708 7.610620 -5.804818 -23.503603 43.513687 -19.101221 -29.130735 -18.412811 1.983495 5.703528 10.677705 -24.995476
-412.070099 -66.952888 7.185312 -8.883039 6.080803 -14.507629 -36.794033 33.764015 -27.921692 -33.409477 -15.889103 -1.069654 2.634529 13.468586 -25.952152
-359.328979 -14.382377 51.475693 27.312149 31.014275 -6.578885 -43.393372 27.561947 -40.181725 -43.866505 -22.295940 -8.457409 -4.497762 8.950474 -30.106924
-319.230103 38.293434 49.381218 37.398174 37.610252 -6.913494 -56.415802 19.462473 -47.116379 -38.061813 -15.686855 -16.022083 1.871628 18.323765 -41.927444
-305.048065 69.325668 23.559090 44.774796 29.442656 -2.128966 -60.770916 18.022629 -37.849174 -37.872810 1.794494 -27.783791 1.606086 36.080757 -47.312378
-310.169220 89.124985 -12.500143 54.925560 18.873936 3.170767 -56.060921 10.849670 -22.951439 -47.539219 10.377329 -30.547352 2.576194 51.751823 -54.888184
-318.013153 113.468620 -30.411621 63.053314 16.702759 6.824317 -48.224300 1.974022 -14.640011 -57.445534 6.836370 -37.590046 4.721473 57.443291 -57.663639
-329.957794 123.785141 -15.678971 63.999130 15.915171 3.343742 -44.717926 2.226946 -11.970749 -52.903091 0.786015 -46.508484 4.787549 52.460655 -54.902092
-338.682343 115.161362 -1.053035 69.177826 13.596325 -7.586320 -55.121681 11.269988 -15.256633 -42.091705 -5.166713 -46.137680 7.811268 43.329247 -54.425663
-299.597656 49.797314 36.288269 53.198936 17.094292 -4.698190 -55.694283 11.819784 -17.028084 -36.490265 -16.682030 -26.749426 10.317700 19.653463 -38.637066
-301.083771 -9.822962 61.952560 51.417671 -5.262545 -1.471096 -35.260735 12.498079 -6.091632 -43.014343 -22.876492 -9.608912 3.842711 11.058580 -31.478830
-327.951904 -65.420296 63.012863 46.386604 -34.646675 -7.322515 -12.470514 21.736210 -2.529091 -46.524399 -20.422884 2.899798 3.640428 9.507814 -30.924206
-348.655182 -107.663963 46.694382 42.804680 -38.408405 -15.347479 -13.293946 14.702624 -11.460644 -51.570053 -20.728930 5.247927 1.109353 11.410613 -24.867111
-369.930939 -126.787910 42.612862 56.839272 -30.866676 -19.447153 -12.409217 15.111515 -10.453464 -48.371017 -17.182350 1.826689 -9.450941 5.921139 -26.412113
-313.739655 -40.653900 80.101196 96.900345 -18.173271 -28.808125 -34.843460 2.661815 -21.417255 -53.583462 -22.083925 6.642756 -5.333556 8.307433 -18.982075
-273.642975 19.404495 43.397789 101.829803 -14.580599 -39.276997 -31.626356 4.060706 -22.010889 -49.421368 -27.147579 1.502273 -7.019903 8.563646 -11.639380
-283.105011 42.134880 8.614368 118.139549 -19.693810 -42.478592 -21.492327 -4.629113 -25.527189 -42.868565 -23.205013 -6.472670 -10.234644 11.816360 -9.477015
-295.059937 56.725456 -17.700512 131.323425 -23.736563 -40.549709 -10.122031 -14.565802 -31.394075 -46.746983 -30.418022 -2.160425 -12.065607 20.099157 -14.001773
-304.786072 77.590492 -30.839422 135.101746 -23.975056 -41.648911 -5.249121 -23.296211 -38.469002 -53.090733 -31.783110 5.291634 -13.073826 26.263578 -11.823266
-348.417633 90.299232 -33.026756 134.789932 -20.726391 -44.715969 -6.841104 -29.169495 -40.002014 -58.062973 -22.550112 3.643428 -9.182761 20.858690 -4.598639
-427.236023 86.746780 -14.747293 120.656395 -18.266579 -51.952751 -9.101609 -25.983051 -30.211262 -54.827469 -14.396764 -2.342478 -12.691563 12.171551 -7.924203
-543.644348 48.142845 6.064407 82.747665 -19.912291 -43.818218 -4.722467 -16.949196 -24.581741 -35.434284 -10.098364 -7.413833 -18.955696 1.483977 -3.401329
-634.595886 30.202824 16.445423 34.608070 0.288512 -21.159512 -6.539596 -18.440445 -30.394733 -19.187798 -12.482693 -14.632632 -11.438907 -1.341463 -0.496815
