city031_073
CHANPION
26
-478.701691 -4.952727 -20.685009 43.375961 -54.145393 -35.551868 -31.275455 -14.105390 -14.313832 -6.258298 -25.614340 1.142949 -4.647195 5.505151 -4.488337
-347.508850 -6.731148 -24.005432 54.815842 -56.146641 -24.598724 -40.382923 -12.034723 -28.551338 -1.606714 -29.401314 -4.101340 -19.255581 3.201100 -7.792123
-225.217545 87.097427 -18.502758 42.988106 -52.002106 -20.892490 -46.495659 -16.343262 -24.674538 7.532840 -21.952774 -7.523069 -18.104618 14.663675 -6.571759
-198.646637 136.378891 -42.984543 35.227470 -47.851402 -32.032627 -34.001640 -13.394869 -16.520174 7.608404 -13.180370 -9.140586 -16.157192 14.837667 -7.745420
-232.155869 160.249329 -61.244602 29.383299 -44.404938 -38.648811 -12.382153 -11.758986 -8.208249 6.810825 -8.133503 -3.411519 -13.143084 8.308041 -9.185863
-287.828156 190.390884 -65.992683 33.544495 -31.835043 -40.272659 3.462867 -14.940483 -4.970748 -6.821773 -18.586935 4.204220 -10.905348 -2.147033 -5.715941
-324.883179 208.361923 -50.846424 32.283382 -15.246040 -49.712669 2.631608 -10.220171 -8.380099 -15.629963 -28.663572 6.962576 -3.008488 -6.900385 6.488011
-365.411499 201.617279 -34.191315 31.302208 -0.156726 -48.404243 -5.348443 3.744476 -4.551064 -22.416527 -21.637112 3.604317 -8.566868 0.572939 7.752441
-412.069305 184.889648 -17.157391 38.600906 27.798681 -38.041664 -17.406551 11.002146 -6.536647 -27.113010 -7.771244 -3.758040 -24.080696 6.135787 2.513855
-460.380707 169.585907 0.900780 41.099678 46.825500 -21.459120 -20.611477 0.792431 -28.983587 -33.231705 5.792044 -8.200471 -30.754568 2.800035 0.410732
-505.466461 139.045349 10.962543 43.037560 33.213356 -19.370647 -8.662156 -7.173311 -34.016525 -21.837990 0.779172 -9.634418 -18.471066 -12.772861 -13.674286
-433.101166 133.479889 -17.085026 74.687256 27.659117 -54.194138 -37.980469 -1.672826 -26.777386 -11.410776 -8.109564 -16.266232 -1.744721 -18.636753 -13.004761
-378.250427 156.311554 -19.594654 89.740334 22.519424 -68.047073 -38.750885 9.567520 -34.261215 -22.951027 -7.598536 -24.732443 -5.290956 -11.294226 -7.837536
-378.865295 166.291153 -13.795089 93.937576 3.811945 -82.254562 -23.436996 14.380737 -36.965469 -37.060715 1.195572 -24.672630 -12.975871 -0.115305 -14.949781
-391.849579 170.285461 -11.790375 93.083603 3.710314 -97.244789 -18.746468 22.930058 -37.007290 -43.582504 5.597053 -17.687449 -20.443447 2.933885 -21.410248
-375.117767 188.796356 -44.969666 59.981297 41.752480 -81.454437 -44.305626 18.858440 -22.686241 -34.618271 -0.962336 -22.268948 -13.907720 14.664616 -18.667885
-369.108521 210.097580 -63.170052 6.591068 47.269562 -53.337803 -48.980301 8.722786 -17.868305 -27.420639 7.807115 -9.116327 -18.018225 10.906398 -4.921934
-371.939453 232.153336 -54.463905 -33.397884 34.251053 -34.228714 -44.722534 9.194762 -13.161730 -31.990236 8.062511 1.954600 -28.670830 -4.990189 3.845400
-375.848663 233.344910 -49.389641 -40.348305 19.919418 -36.304581 -34.764492 14.087635 -17.091419 -34.440414 10.955338 5.108860 -28.623817 -7.860402 0.442982
-394.091217 223.870605 -36.003292 -38.002892 2.581929 -43.785667 -29.049702 13.146797 -24.370327 -33.601887 9.797988 -2.373887 -26.302624 -1.565935 1.734532
-409.320129 211.797989 -25.023815 -22.338333 -3.247604 -46.480633 -16.916410 9.613159 -30.579561 -24.979895 5.684927 -15.953200 -22.917995 1.857353 -2.758234
-433.767273 189.376419 -21.032763 -4.639965 7.429329 -42.601395 -17.742226 4.565649 -30.757376 -24.005188 2.991291 -15.725254 -20.377970 0.344612 -7.789582
-480.301666 164.585403 1.846865 10.256149 11.169437 -35.022671 -17.373260 -0.088874 -34.248840 -34.152428 -4.394186 -11.950007 -18.936775 -2.567979 -9.770697
-544.468689 139.999176 43.541077 15.765537 -2.140424 -18.366291 -8.544374 -7.681159 -28.016216 -29.653158 -13.186978 -14.543783 -17.382439 -4.515248 -9.425166
-602.491333 107.783463 67.088120 28.499702 -2.978483 -17.963146 -17.639320 -14.437462 -14.862098 -16.019535 -13.968801 -14.656867 -16.859180 -13.978237 -13.965822
-639.569275 69.146049 51.643913 29.132088 7.851192 -7.320088 -14.738246 -16.326567 -15.159513 -13.653904 -13.379763 -14.415591 -15.496443 -15.707177 -14.853416
