city031_049
GOTANDA
26
-515.122559 168.267609 35.409081 -36.413017 -59.146244 -35.093460 -9.169125 -17.467155 -16.461128 -6.970435 -16.166344 -16.178156 -9.163664 -13.651882 -11.016459
-435.872009 196.114594 40.961872 -20.897326 -61.741890 -33.193325 -5.337184 -15.645292 -24.617245 -10.502353 -15.074736 -26.393791 -5.685633 -12.678223 -12.258745
-407.763489 212.001709 39.855202 8.937418 -64.700867 -47.731941 12.020233 -12.864162 -39.856319 -13.132995 -16.715044 -36.546963 -2.888441 -5.603161 -15.993683
-371.639587 205.433899 32.106720 17.922686 -82.755539 -44.738106 33.544830 -8.344948 -54.504456 -2.403071 -27.932682 -19.564175 2.259743 -6.286971 0.891403
-347.562653 175.976288 44.155899 20.031429 -103.912750 -29.258373 52.950203 -7.871900 -57.029293 -13.566256 -32.139736 5.101381 0.104237 -3.367647 0.659772
-359.644165 153.710632 66.015297 28.161409 -108.605766 -18.013031 49.555019 3.089828 -56.569195 -35.328892 -34.133026 13.027349 10.182677 -4.354208 -14.593029
-428.658691 141.888351 61.920834 22.488258 -85.732147 -2.411530 30.021454 -1.980245 -47.450218 -43.401844 -25.779131 1.333450 14.546586 -3.262251 -16.411366
-375.885773 79.583595 -15.021927 -10.248841 -15.223216 -22.615318 -31.243866 20.974949 -39.035862 -9.903466 -12.826455 -18.372046 15.952991 6.019866 -11.733267
-249.876877 106.762749 -30.534327 -27.751846 -19.905712 -24.152298 -24.280739 16.477667 -41.604141 -5.578748 -14.595568 -27.494192 9.632395 6.115002 -27.516069
-210.764969 130.427597 -49.236877 -20.491114 -31.211620 -21.693623 -4.574604 9.155704 -36.228050 -13.291934 -16.278500 -10.726604 -5.398128 5.834637 -24.390018
-232.970642 153.468826 -77.750244 -14.946225 -36.122452 -25.569141 10.121301 -1.835296 -27.663517 -23.250118 -18.515724 10.778288 -27.941809 8.384805 -12.849840
-251.890564 170.291138 -88.128792 -10.792804 -28.749235 -44.854294 25.963608 -18.737146 -19.295681 -17.923183 -28.172459 28.599045 -31.123062 2.487540 -14.698125
-265.304962 167.615784 -82.076035 2.849115 -23.851513 -49.702225 26.634193 -22.690512 -11.005125 -17.324665 -31.756386 29.376528 -33.757378 -1.023393 -28.781528
-291.022034 157.627289 -73.740707 26.177547 -15.985553 -47.398911 23.219444 -27.630177 -14.920023 -20.559299 -32.586647 21.700829 -40.281483 0.598843 -25.013443
-324.436584 147.073792 -76.076202 51.924564 -5.555132 -34.308891 20.423126 -39.197018 -24.882656 -19.109083 -24.543007 21.589718 -31.702698 -3.571189 -7.049244
-348.508606 139.392914 -78.804558 80.900085 7.361723 -26.513903 22.064629 -50.836575 -35.692944 -17.574934 -24.961193 12.194604 -13.326700 -4.234276 10.074526
-362.705078 133.181808 -69.500526 90.745178 4.925208 -24.939171 27.773947 -51.442032 -41.900112 -18.103058 -29.610559 -5.861041 -12.336499 0.051313 12.718656
-354.054840 155.844681 -56.591049 69.135910 -9.527260 -33.561069 19.803577 -45.589684 -36.943890 -5.813791 -19.109972 -8.651481 -14.877989 -2.009914 -2.127295
-294.949219 170.144379 -41.927872 28.399563 -28.480366 -34.629261 8.688908 -43.998489 -32.531662 1.722544 -28.456150 10.031380 -28.665424 16.541599 -15.633351
-255.683228 163.793518 -42.275871 8.812665 -37.601837 -46.202614 7.798559 -39.674042 -28.802204 3.825517 -31.545986 15.293143 -30.300823 25.820538 -27.177383
-249.186279 155.378113 -44.465111 8.095828 -44.808704 -55.573963 16.828445 -27.042824 -28.548172 0.892037 -29.243191 23.977133 -31.698805 27.559254 -32.625931
-258.041779 163.141479 -32.689346 2.611027 -63.060623 -64.721268 22.842924 -15.315577 -39.875648 -10.892250 -28.844269 42.587650 -30.325653 20.431671 -37.455418
-300.096161 172.924011 -14.078648 -2.912035 -78.297356 -69.298767 21.987827 -2.752135 -47.400146 -25.445488 -23.827984 48.504589 -23.565010 15.969279 -40.269405
-402.843689 169.143585 -3.738310 -18.859848 -78.734268 -55.125900 22.144459 -6.360148 -46.455452 -27.602491 -2.986673 28.617970 -12.869131 9.377573 -29.114353
-519.640747 136.618103 7.860366 -32.111275 -61.985481 -27.259106 10.936144 -16.957813 -35.310928 -20.600248 10.008959 9.595115 -12.467028 -6.277100 -15.606685
-587.110779 108.520721 30.804863 -20.079206 -29.584808 -15.394629 -8.902492 -19.421831 -23.612917 -10.143871 3.530910 0.584015 -10.262747 -14.411716 -11.744149
