city031_065
PESUTO
21
-475.277588 74.223534 -17.312931 32.375710 -17.633648 -33.704926 -25.982807 -10.451344 -43.555599 -24.281818 -12.757626 -3.034393 -2.889140 -6.144098 -1.470532
-326.194733 90.891495 -6.454067 58.986412 -16.486261 -22.867153 -28.860180 -19.847427 -40.585136 -34.530640 -12.791435 5.595932 -5.596526 -4.190889 -2.047104
-239.241653 85.721268 -12.928341 62.018211 -14.565653 -23.935919 -26.703819 -31.448286 -28.306774 -43.924953 -7.748819 10.592387 -6.183412 -1.128674 -5.377787
-222.574478 82.980881 -17.700386 50.695061 -8.210153 -26.431114 -22.724686 -37.061371 -12.739037 -44.319237 -5.350408 13.649595 -9.874235 4.544521 -12.443012
-228.099121 78.289406 -4.643806 25.986540 -5.437513 -11.884622 -28.059132 -24.144176 -14.332722 -36.367687 -6.879491 12.314796 -10.076786 2.838468 -10.743135
-235.565430 31.438648 32.654312 6.174455 -7.252769 1.060440 -33.373863 -8.756159 -25.750088 -20.845377 -10.496786 4.270167 2.973659 -3.107782 -8.261217
-240.619873 -19.702780 27.575188 -9.765167 -15.456615 14.041442 -20.889179 -4.201195 -22.044462 -14.661169 -9.648897 -1.125533 4.406406 -2.458885 -12.073242
-260.714386 -55.800499 4.331727 -31.110565 -29.399212 14.473141 -19.446478 -2.559492 -15.340176 -10.745078 -10.415472 -0.410451 -0.111617 -10.622015 -14.828781
-299.231140 -72.519012 2.774777 -45.720329 -46.321430 13.472752 -26.310646 -14.007875 -16.108818 -16.661615 -14.130465 2.088114 -0.202595 -19.461151 -12.953714
-366.193604 -77.433548 13.242382 -36.047958 -43.521507 13.336477 -26.659637 -11.683727 -21.014034 -26.085192 -14.435347 -0.328380 -1.674127 -16.545132 -10.077202
-481.718567 -73.024826 35.675606 -17.469254 -29.454363 22.326084 -20.566776 -8.040627 -24.525028 -26.388458 -14.216805 -1.818639 -9.789196 -12.756130 -7.990013
-570.298645 -23.617891 37.494831 -19.172268 -26.162174 21.818317 -8.484279 5.277726 -28.581879 -24.834641 -12.441198 -9.975906 -9.264380 -6.525329 -5.512776
-409.664398 88.992920 16.254982 17.310043 -52.813431 20.753696 -8.866889 -12.577370 -57.936855 -36.097008 3.164433 -4.230666 -9.948112 -11.655128 5.819365
-290.570648 133.593719 12.922785 11.920897 -69.848579 9.121828 2.940219 -32.455463 -55.871353 -32.879990 1.817295 -8.308174 -3.342260 -7.417518 -1.474408
-272.298431 157.499756 5.531317 6.684752 -75.087685 -5.261925 24.237350 -50.958103 -46.798866 -23.337124 -2.167484 -11.410616 -4.904098 3.795256 -0.192539
-312.739868 186.041351 -0.554325 11.648505 -70.356750 -29.151932 39.962803 -50.728416 -40.639862 -3.976421 -8.050932 -2.094792 -15.184801 -1.323986 16.923687
-357.588715 210.673660 8.393721 27.597782 -89.484894 -43.940048 33.263100 -47.226654 -41.110584 -6.309905 0.471848 0.259919 -36.690006 -1.511594 23.865002
-411.201782 197.604767 23.549034 20.891441 -85.205902 -50.152473 18.699902 -43.555271 -35.227192 -6.577015 -0.503699 -11.677229 -43.642822 3.703565 20.350700
-514.205566 161.874146 44.138741 -2.337999 -59.110069 -40.691528 -3.939604 -25.450768 -21.575157 -3.318282 -4.045812 -17.050041 -23.190460 2.999418 6.968678
-600.446289 113.980530 57.028824 4.298005 -34.200432 -42.488575 -26.107372 -14.434351 -12.691962 -11.763164 -13.965540 -18.032196 -15.038231 -7.419824 -5.969467
-635.942505 78.832825 45.327396 6.720375 -21.777948 -32.220768 -26.724312 -14.799446 -6.461124 -5.898351 -10.513817 -14.741203 -14.446680 -9.401257 -3.124920
