city031_092
JUUMONJI
26
-580.613281 73.177658 63.133072 48.662460 30.741457 14.966922 1.422640 -8.919987 -13.537291 -15.941764 -16.036755 -13.830044 -13.029682 -11.690605 -10.162865
-418.014893 73.677864 41.409447 66.633156 -21.050667 -6.475683 27.314779 2.772776 -11.249741 -18.295544 -34.130775 26.767620 -21.189552 -12.790394 -16.939587
-297.541229 27.575649 28.607136 54.669418 -30.057163 -16.661266 18.213760 5.556224 -21.721533 -8.788385 -32.229298 16.587109 -17.523472 -1.376857 -24.892475
-243.801773 25.591820 11.745785 54.239281 -23.351540 -28.700424 -7.844375 -6.556942 -29.799650 -7.581414 -34.964664 3.349633 -13.029311 3.545540 -23.264832
-225.438446 58.638748 -13.666004 60.459007 -3.918733 -34.460323 -27.340797 -9.309479 -30.300930 -2.977296 -29.350643 -6.556236 -10.608574 1.035284 -18.256237
-240.730621 104.730087 -42.564491 53.822449 6.890984 -39.191032 -31.968252 -3.134321 -31.513485 -1.375078 -28.927174 -15.714893 -6.295434 -1.958966 -12.780291
-273.069336 150.755692 -54.910172 42.207409 14.795647 -52.789478 -31.556137 -4.723587 -30.806553 3.951209 -28.245117 -20.348869 -0.737028 1.898358 -6.352099
-295.013397 182.128510 -62.616501 32.443253 16.346039 -53.761856 -25.010830 -15.505713 -26.912849 -5.056787 -21.856037 -25.400391 2.631133 -5.598570 -6.277471
-306.320465 196.912811 -55.974930 8.474851 12.629953 -36.723743 -18.636826 -21.349365 -31.441689 -7.382366 -14.865788 -17.803247 -2.644747 -11.180782 -0.131575
-327.951569 209.039062 -35.660889 -0.368201 16.260330 -20.387562 -5.111595 -21.653011 -38.673439 -12.296228 -6.084290 -9.846908 -12.852774 -12.600945 -2.423077
-358.259644 199.789276 -17.542114 10.928483 21.578793 -26.613049 -5.511054 -7.567211 -39.837872 -16.142143 5.468366 -10.374199 -14.668494 -11.585739 -16.216488
-371.367310 198.693268 -4.088774 11.422824 6.566292 -46.218273 -8.802860 6.149994 -36.680386 -20.965855 3.891558 -18.455502 -18.168383 -6.429801 -20.222042
-372.252106 200.619263 6.032804 13.184027 -10.671726 -67.155762 -8.109794 23.326281 -30.029514 -22.800278 -3.965402 -22.719135 -13.705322 -0.913188 -20.110046
-381.346771 191.178802 8.704407 16.731518 -22.094887 -74.580254 -1.736492 34.773872 -21.086151 -31.613565 -16.291693 -14.650271 1.796661 5.073247 -22.507677
-404.724457 167.705246 15.585301 4.950707 -14.732079 -52.103973 -1.838121 29.158215 -29.622242 -27.194771 -20.330917 -6.747806 -7.940651 0.263888 -14.807777
-452.958588 143.463409 44.461857 14.610696 -1.513653 -29.465309 -2.536968 18.331530 -37.585846 -18.568779 -8.728806 -1.569923 -18.884686 -2.098714 -5.171946
-480.123474 145.402069 70.145302 43.588585 -6.941714 -30.415226 -5.361699 -6.082247 -33.586224 -11.875080 -1.337791 -20.562504 -11.869574 -1.535370 -13.891636
-481.598145 143.431335 79.273697 50.177010 -11.417793 -17.030901 -3.377019 -18.934242 -24.616205 -8.207952 -8.363361 -6.759985 1.579113 -10.555328 -17.817524
-394.948486 94.196838 54.955738 88.608917 -18.204174 -27.248682 -14.307844 -5.278214 -13.701856 -14.606525 -17.299809 12.593365 -9.097266 -19.105555 -14.213551
-342.403107 81.938744 33.941959 107.802811 -15.424876 -55.890182 -17.794222 5.933189 -14.867922 -21.217003 -27.827156 6.130891 -9.251465 -10.261251 -9.561000
-325.105103 110.015793 4.014662 113.155159 -5.391640 -65.626358 -4.995175 5.688862 -33.012180 -28.879055 -27.837639 3.230470 -3.604981 -14.235807 -14.244833
-339.123566 149.644257 -19.503246 101.803833 3.916579 -84.504326 -1.207191 3.752620 -37.630775 -30.417252 -29.817829 -7.507833 8.871089 -26.896421 -12.271885
-374.425385 153.355667 -9.154230 86.623573 7.116946 -93.517868 -12.770239 11.643694 -30.863358 -33.492844 -29.641457 -5.454855 9.459574 -17.464342 -16.450890
-450.722809 128.581848 9.490036 61.752861 15.678885 -82.685638 -29.971436 20.882706 -25.346268 -36.548637 -13.860700 -10.848849 0.158767 -0.535800 -12.951565
-549.126160 64.711746 16.646992 42.774555 12.412296 -47.607979 -27.535721 -0.893548 -23.082592 -24.988708 -7.110970 -8.723940 -10.853521 -8.469078 -6.710088
-615.706909 24.293837 18.583738 13.266018 4.039097 -4.707854 -8.794338 -12.656410 -15.388538 -13.791271 -11.904329 -10.444067 -6.956423 -4.527981 -3.545860
