city031_030
HONJO
26
-376.926117 171.317307 24.227203 21.444063 -61.845833 -65.792137 -0.022247 -5.718284 -4.077393 6.539050 -14.727793 -3.230409 -6.962731 -4.552429 0.237922
-265.764313 196.659821 -6.750727 24.402708 -62.806404 -57.505356 4.511702 3.492345 -14.400728 12.006651 -22.848936 3.964895 3.459586 -15.394260 9.742119
-204.384171 174.417236 -18.907242 15.383608 -53.883862 -46.712856 4.513227 2.472303 -19.369129 11.342601 -31.965099 12.527297 -5.771563 -16.431557 16.383398
-178.928314 150.412476 -27.671518 12.893923 -37.464645 -44.541126 1.279701 -6.585077 -20.816856 6.766634 -41.157101 16.264481 -14.545898 -10.969046 22.112646
-194.486923 121.277008 -26.996859 28.973299 -27.076611 -39.154587 -4.093142 -14.066193 -21.753235 3.399775 -37.813175 9.938869 -20.419476 -7.506645 16.449127
-239.733551 108.850540 -22.330629 56.255096 -10.331519 -30.917622 -11.237984 -20.496315 -21.716297 1.533459 -27.646141 11.591642 -21.825333 -11.935875 6.619137
-274.015259 112.125504 -35.333660 81.384094 10.987551 -21.182850 -16.931526 -25.724056 -22.947361 -2.168383 -25.396429 9.095384 -4.558453 -1.670341 2.881289
-305.565369 119.880569 -24.721039 82.873146 10.491419 -23.378418 -16.702198 -24.902729 -19.752495 -3.686979 -27.050591 0.307701 1.908982 3.006114 7.390893
-345.904114 138.680984 -7.812911 69.668594 5.427946 -19.499397 -8.268641 -20.917538 -12.047160 -4.054179 -25.299461 -12.132788 -1.467535 3.548288 9.770864
-393.066162 156.936295 11.388844 48.353760 12.243835 -24.220066 -11.976662 -21.589699 -11.181561 -10.305089 -26.278194 -15.684526 -5.290794 1.348351 1.811354
-432.349365 159.059540 36.833466 31.607460 10.633624 -17.255898 -16.560753 -19.643343 -10.619349 -12.596042 -29.071293 -17.213356 -1.189690 -4.763375 -11.954235
-345.528107 55.259811 40.733898 70.933792 -16.197025 -21.394543 2.558531 -16.273582 -2.234343 -20.387257 -29.372047 -1.361702 -19.426275 -11.970467 -12.424612
-260.885376 8.803013 10.641939 58.689484 -20.760513 -20.950081 -4.068776 -17.501904 -4.430746 -11.044724 -30.165821 -2.862512 -14.331226 -3.240225 -12.685158
-199.631470 49.232220 -8.754579 50.074036 -7.639400 -26.196594 -26.499432 -32.844238 -12.059822 -7.227119 -24.391823 -7.624982 -14.381014 8.406286 -7.110944
-198.533737 109.271584 -36.956596 32.756821 -3.368171 -31.517881 -22.897242 -28.350101 -16.507759 -16.566803 -16.737913 -4.399325 -15.234478 6.863566 -3.611763
-234.931732 157.792892 -57.658066 27.770882 -23.821194 -38.508839 -10.460976 -25.320709 -12.067072 -29.204140 -17.932821 1.342711 -17.895924 6.985779 4.228634
-269.256104 186.039215 -49.324638 33.413307 -43.542183 -53.706245 0.358192 -21.164745 -11.657547 -31.646332 -21.209616 -0.319948 -22.375618 4.273842 11.713270
-297.723022 185.851776 -22.604929 35.293465 -57.533211 -61.927212 8.506731 -16.199373 -13.865881 -27.999043 -23.016521 -1.455251 -22.700249 0.671789 10.750546
-317.496857 184.532227 -4.616004 40.101887 -56.586334 -67.119278 -1.271624 -18.030390 -8.215237 -16.673882 -18.764414 -9.389731 -24.934879 9.293635 15.657579
-330.342346 178.027863 5.402527 49.424007 -57.338028 -71.923286 -4.275071 -18.972897 -4.241577 -8.311165 -18.552994 -16.661095 -27.041332 9.971450 20.112247
-342.501343 170.316864 1.573411 38.206177 -63.885704 -68.497520 4.578240 -16.091560 -12.220202 -9.630117 -8.898053 -8.184999 -25.892965 1.248399 15.334135
-369.663849 176.705338 18.935486 20.783752 -66.395279 -68.434128 5.777719 -11.062485 -24.762516 -13.962567 -7.806517 -9.571913 -16.754917 5.184322 17.288422
-427.448151 178.722855 54.299694 -0.350472 -63.775917 -62.782768 -1.743800 -7.961444 -33.304131 -18.594624 -13.130579 -16.781879 -5.422045 11.683132 11.387349
-492.608551 140.402863 60.291084 -9.547316 -56.571617 -56.590866 -27.438774 -15.847523 -18.317307 -19.779488 -21.805428 -16.722940 -3.445690 6.230114 3.961283
-554.279541 77.654320 35.333729 -9.519768 -36.549530 -39.452431 -26.897923 -13.282532 -7.658812 -9.248547 -11.437677 -9.197281 -3.203361 1.954371 2.617538
-585.630981 43.813805 26.269888 5.307133 -11.424591 -19.659876 -19.900114 -15.916409 -11.735580 -9.256556 -7.901915 -6.105111 -3.181499 -0.081592 1.422838
