city031_003
UENO
28
-576.091431 55.484871 50.139069 31.268370 9.671535 -2.158300 -20.639729 -23.782558 -26.212212 -25.264706 -18.018814 -14.361490 -10.152279 -3.268240 -5.758867
-360.993561 130.956909 7.179058 49.122662 -1.537723 -25.125866 -32.606384 -20.291718 -21.637644 -44.059883 -20.703182 -16.250835 -13.256151 17.596794 -21.961538
-280.497437 139.556976 -9.737164 57.298279 -4.153469 -30.837944 -22.716328 -31.698624 -13.249972 -48.617958 -19.855263 -15.261824 -17.947887 26.343569 -23.291014
-278.753174 142.057861 -20.793516 57.491135 4.441448 -31.066391 -14.508207 -43.756508 -3.353234 -46.364933 -11.156945 -13.652325 -21.747852 31.101496 -18.870579
-276.942657 138.802856 -35.548004 58.302536 12.634991 -25.402157 -15.721230 -53.163651 -3.312138 -39.193947 -3.791492 -13.966119 -24.035728 24.080950 -17.154362
-276.181305 132.908951 -35.731125 67.624863 12.810522 -24.136341 -15.859943 -53.849228 -0.672693 -29.995050 -0.369796 -15.568163 -20.096100 18.660973 -11.859726
-267.759766 131.854065 -41.571358 67.290924 10.143133 -25.529850 -14.098621 -51.268013 -0.542085 -30.667011 -4.410666 -11.394592 -14.032578 21.320866 -13.300133
-272.198761 132.620056 -50.153694 59.925770 9.352968 -30.402813 -20.966919 -55.036049 -5.949068 -36.405483 -7.945709 -8.133509 -8.088085 28.704441 -16.622955
-296.458344 141.002472 -45.911591 60.432957 3.523807 -48.160278 -39.086399 -49.141800 -7.509671 -31.400339 -7.007924 -11.722004 -3.578670 24.121141 -15.585109
-288.244873 142.408112 -61.272057 62.312050 -1.191168 -53.697262 -37.865978 -35.453487 -3.602205 -30.920982 -10.207477 -13.100359 5.345855 23.304810 -18.971127
-241.209869 136.938751 -72.281189 64.766983 -4.913812 -52.823719 -23.149307 -35.570980 2.115783 -32.550117 -13.733728 -1.998385 0.930892 28.916569 -25.924725
-230.764648 123.001160 -68.959801 69.591034 -8.559094 -62.065247 -17.165596 -40.982178 6.138855 -33.859364 -15.617367 7.199629 -7.598564 31.671089 -24.127489
-238.698578 116.092674 -60.111538 77.197189 -13.891157 -69.303223 -12.490128 -42.888008 13.548798 -25.800844 -19.340630 8.482555 -16.567112 28.017513 -23.425329
-250.723938 115.683914 -51.394787 85.436523 -11.311886 -66.107376 -14.234873 -46.210686 15.544486 -20.832785 -21.326031 10.176195 -15.100616 25.728020 -21.316189
-250.467987 122.991768 -51.672470 80.630707 -12.495077 -63.117538 -17.384056 -35.339653 14.518748 -28.597187 -24.378977 14.086672 -5.151510 34.771156 -24.170200
-240.277374 134.125671 -47.251930 64.643318 -9.170561 -65.104034 -13.332853 -30.402494 8.769901 -25.641775 -27.695225 8.662630 -9.289138 30.901991 -26.331306
-230.836411 134.986725 -50.184219 57.336906 -6.929590 -58.250637 -5.081401 -25.363655 3.987546 -12.713306 -28.891911 4.866688 -11.745739 28.876469 -28.849033
-246.602921 127.572960 -45.720154 54.327431 4.364163 -49.127998 -2.934871 -25.875111 -4.751251 -6.791362 -33.533115 4.195567 -17.655054 33.612694 -30.203350
-279.842499 116.431229 -44.352692 66.557053 9.772159 -37.697018 -3.044418 -30.579138 -8.386147 -11.459763 -29.015114 3.719739 -24.871363 34.670475 -30.841705
-268.395782 129.956421 -51.481678 61.686256 1.964048 -29.799091 -1.470775 -40.064804 -19.573650 -19.913620 -20.172974 18.629995 -24.039953 27.961536 -17.887802
-268.183868 130.733093 -52.767754 51.873260 -2.764992 -34.196243 5.757684 -39.818676 -15.906195 -19.259350 -24.148279 21.363731 -22.842323 20.976210 -8.939515
-291.027863 130.103821 -44.952354 56.923676 -17.143188 -48.468857 7.783856 -28.620108 -6.076744 -11.260321 -26.417995 22.123705 -18.627857 16.600780 -7.094349
-307.787201 136.443069 -31.543037 65.329712 -28.720200 -72.912750 -7.008950 -17.755604 12.170139 -13.430660 -32.171761 18.154579 -17.028194 15.771895 -10.132757
-310.098175 149.141296 -17.192665 76.996719 -31.079426 -83.556595 -17.232983 -18.704033 16.540085 -16.044746 -42.451096 6.972651 -17.671310 15.238225 -5.694718
-342.914276 151.430603 -0.717770 77.909248 -31.388714 -75.877304 -24.955210 -21.269485 17.904774 -13.734221 -36.172729 -3.231939 -14.441964 14.002913 -0.348713
-424.790436 127.813286 20.197258 53.494724 -29.185472 -58.473244 -32.279629 -23.017811 10.006136 -12.154661 -22.401245 -9.586169 -21.593338 6.316292 2.368363
-540.907532 84.260803 52.663155 21.039225 -31.814098 -26.722557 -22.281469 -22.886145 3.979451 -8.971050 -15.610191 -5.392540 -20.013962 -7.133076 2.828889
-575.973755 61.487583 40.273922 14.875896 -6.852955 -16.289377 -17.034039 -13.221491 -8.438772 -8.608503 -10.153043 -10.686048 -10.333802 -6.576838 -4.119474
