city031_052
ZENTSUUJI
28
-663.840576 35.794250 32.112385 27.999767 19.717371 12.207218 5.847472 -2.094506 -7.787969 -12.039913 -16.318771 -17.817432 -18.836359 -19.226265 -16.639786
-519.971375 99.417465 63.767700 41.435226 19.421387 14.233813 -6.827331 7.728289 -30.665468 -14.126270 -21.277405 -2.191305 3.134292 -18.603573 -21.342266
-325.842712 80.684647 28.528664 48.419350 18.722515 -14.712837 -27.198990 13.630711 -33.834251 -11.417987 -14.709581 -2.349774 13.727774 -3.796654 -28.503956
-223.799316 75.254059 -3.724114 56.329819 2.753497 -31.234119 -26.810101 -4.380036 -28.822460 -19.834362 -18.988930 4.076997 13.094196 3.280719 -27.704594
-191.064697 84.147141 -27.668150 56.745728 -8.145670 -43.569565 -14.986217 -20.269012 -23.634247 -24.182205 -22.986256 13.932815 -0.952307 6.722066 -33.747433
-212.819412 104.157898 -42.975693 62.254173 -1.662102 -53.513451 3.677597 -31.717873 -13.180447 -26.011856 -30.326710 25.644197 -19.238579 20.330845 -35.657734
-265.882629 111.514984 -34.269554 67.556099 4.468752 -46.758537 3.402814 -24.989094 -16.320349 -28.102112 -36.748398 17.904911 -16.236256 23.293694 -26.662846
-342.168640 121.642441 -17.187248 80.960434 6.492970 -35.824326 5.150946 -15.992399 -19.382912 -26.725636 -30.108007 2.509893 -3.344423 23.129028 -26.202333
-399.679718 137.451111 -14.106718 92.164597 9.210337 -17.345911 13.111513 -18.802807 -38.640579 -28.260471 -9.884746 -16.178541 11.011603 15.060735 -28.390686
-406.947968 138.564880 9.913445 65.687546 14.031489 -13.922089 7.788778 -5.399171 -59.969269 -19.865170 -14.192730 -17.143074 18.573021 6.485533 -28.744097
-372.248138 80.251549 39.376907 21.764603 4.214101 -5.881589 -12.366547 14.464828 -47.879234 -20.852116 -21.084848 7.519646 5.420139 -14.117407 -24.410141
-358.786652 33.971329 25.886213 -8.489922 -14.484467 -14.379519 -16.478521 20.824432 -44.356487 -21.955088 -14.430984 15.562299 0.222193 -14.845354 -23.478456
-369.395264 20.553579 29.593822 -12.964821 -11.425136 -15.234419 -31.829735 17.793751 -49.547127 -21.564289 -15.689034 8.261437 -4.025602 -8.106073 -22.969175
-348.398346 72.199196 52.677757 10.623678 11.896008 5.985645 -53.503635 -0.051830 -42.011696 -7.318053 -26.576874 -18.078354 -8.436312 -0.274747 -36.624641
-330.090302 107.544487 29.879133 17.062279 5.017879 5.324037 -52.137199 -14.306436 -36.346581 -5.346622 -21.729366 -30.406496 -0.160544 14.550884 -55.906059
-328.164795 123.452072 4.667644 24.070642 2.411882 2.856170 -38.507217 -21.863350 -33.043423 -9.619094 -22.154720 -21.999701 -0.143335 29.832022 -60.406921
-343.314178 130.217834 -12.725071 37.190948 1.621145 3.065451 -22.771832 -21.951483 -27.242470 -19.457382 -19.024086 -16.593168 1.266469 36.408295 -57.413506
-359.177002 131.494415 -13.982134 58.239876 12.076397 -3.740189 -16.068979 -26.459942 -24.968801 -27.301807 -11.410566 -14.016083 4.715281 43.706757 -51.914024
-352.371033 127.608856 -10.849232 72.568878 -1.021160 -8.148262 -18.191246 -17.307655 -18.745659 -31.638157 -12.756269 -9.440041 2.408430 26.139324 -41.558838
-336.360138 94.798264 16.189976 73.514633 -20.376505 -6.848209 -21.762270 -2.996712 -19.771629 -35.373772 -28.826527 -0.155766 5.664879 0.158446 -27.459427
-329.528534 49.668915 54.084419 71.530884 -20.099316 -6.955096 -18.768940 -1.720818 -12.124317 -32.356689 -33.417664 11.335092 7.597304 -7.772341 -25.516233
-307.180267 41.119263 46.663147 74.866402 -25.974443 -23.114136 -17.802298 0.487662 -13.631378 -34.903297 -37.511383 13.240061 5.227097 -12.717682 -17.944057
-277.964935 64.516212 19.504337 84.036194 -27.429321 -26.659588 -5.689120 0.146737 -23.043064 -36.425228 -29.596207 15.368536 3.452926 -18.562321 -13.138966
-292.743164 86.770279 -2.332148 104.749512 -28.196930 -26.699636 4.310100 -7.047548 -31.135189 -42.527458 -25.151180 13.181431 -0.248627 -13.205101 -7.401182
-333.611084 104.357559 -13.688236 111.086349 -36.605049 -29.207214 9.685096 -23.258673 -31.974463 -52.905022 -19.546585 5.258967 -5.385340 -8.877147 -0.992702
-396.234589 93.442673 -8.368192 70.391808 -30.838985 -21.983849 3.373439 -27.776131 -30.425694 -39.639954 -19.013699 -10.019289 -8.818190 -16.504230 6.979838
-508.486847 79.729561 -2.708805 31.439449 -26.284225 -13.137007 4.451308 -25.557777 -24.731451 -22.890480 -23.901672 -10.479433 -8.887898 -15.821575 6.309533
-629.301086 59.181900 34.390316 29.104248 2.294291 -6.587813 -4.819159 -23.099220 -23.124979 -14.338633 -17.597546 -10.085213 -5.963289 -10.464268 -5.096031
