city031_043
ROPPONGI
29
-574.107056 56.346581 35.206017 20.381638 11.539009 -1.555993 -17.439556 -24.267429 -19.652283 -14.028974 -13.655930 -13.678954 -10.535885 -8.716711 -10.619370
-379.748047 175.007507 -14.115228 -1.190679 15.534954 -40.122276 -17.602970 -0.833243 -47.050598 -38.663181 1.235774 3.971205 -2.856580 6.526524 -18.625149
-279.215424 202.738663 -33.800041 -13.529270 8.568376 -56.860291 -8.875401 4.510030 -51.297356 -45.498619 2.284688 7.690094 -17.628338 29.477642 -29.385448
-237.054352 188.605438 -39.275600 -10.168037 -28.409225 -46.877884 -4.648720 -2.242259 -32.558945 -55.304504 -0.500748 17.175919 -30.127205 36.705772 -28.413666
-245.377686 187.672501 -28.172031 -1.510632 -45.463737 -40.126190 -6.880620 -3.722806 -21.335789 -57.996895 -3.121844 16.691389 -33.439568 30.244066 -19.225315
-303.008118 191.311249 -9.343493 9.967890 -38.933586 -32.623138 -3.282428 -1.296693 -18.206751 -50.026939 -0.398139 7.919010 -26.300514 17.917740 -10.697542
-415.962189 173.602127 32.697365 11.041872 -16.324341 -32.383785 2.104918 10.803534 -21.097563 -28.634197 -1.287165 -2.432283 -11.206213 6.403602 -6.843778
-513.252258 121.854507 55.920017 1.203115 -22.556166 -16.595301 1.571613 5.087315 -7.975485 -14.519548 -8.445342 -2.187357 0.492706 -1.594644 -11.498800
-558.864868 73.055130 36.697258 1.940997 -15.226545 -15.602571 -11.062901 -10.728177 -13.586077 -13.333707 -7.788155 -1.751400 -1.103414 -5.976762 -10.941355
-603.480225 21.933542 13.016540 3.125524 -4.278061 -8.370558 -10.089912 -10.201887 -8.649748 -5.565577 -2.199678 -0.266807 -0.354626 -1.342165 -1.620122
-574.274353 33.578728 29.145962 23.719742 -3.249140 -9.412401 -17.573582 -7.995561 -19.740482 -17.494661 2.838415 -17.835278 -7.295171 -2.810914 -13.207491
-358.676300 137.256744 42.126030 16.386019 -58.188339 -35.894226 -7.026397 -2.973910 -36.671471 -30.315292 -0.078454 -32.080116 -11.151799 0.826170 -9.391420
-274.274506 160.690659 12.228386 26.893011 -64.150963 -46.054314 0.102723 -11.903532 -28.727594 -25.727972 -8.484673 -18.332582 -10.016867 -0.756729 -11.728544
-244.154892 158.666885 -10.254363 33.684891 -48.763786 -62.680817 -2.184487 -6.758888 -21.046278 -11.403732 -20.764526 6.313226 -13.934025 9.593530 -14.113117
-238.668869 139.224945 -19.408092 40.388008 -43.407372 -66.698288 -8.205177 -6.405190 -7.784730 -8.449713 -25.354994 6.568695 -16.984127 20.330265 -18.490664
-241.839401 137.811737 -40.343628 32.633484 -44.680660 -52.425087 -2.170913 -12.751369 -2.805672 -21.424549 -27.920536 -5.889699 -18.495222 33.459675 -18.756889
-260.879272 134.132935 -57.831909 43.871639 -33.921837 -35.626221 8.387213 -15.377966 -5.961198 -32.411423 -28.768646 -7.445006 -17.520638 36.612381 -19.624823
-284.080170 123.821350 -49.644997 68.092018 -15.722629 -30.590424 10.481863 -16.371120 -14.009251 -34.163105 -20.967545 -3.262430 -21.898335 36.916954 -22.827976
-303.961060 123.469711 -39.450607 72.338463 -4.943337 -32.521942 4.923473 -16.697830 -21.137690 -33.426338 -7.856814 -3.889804 -33.394943 39.840199 -22.266590
-315.772980 133.072113 -38.625732 68.744110 -2.123178 -33.124893 -1.708003 -18.356453 -22.008251 -38.218735 -7.422707 -3.664754 -29.152983 40.372803 -17.588303
-233.878891 105.950592 -12.989456 43.108097 -23.072788 -21.852184 -5.254766 -19.121538 -28.808762 -18.985676 -1.785832 -12.553682 -15.418337 9.103125 -3.708016
-192.700974 92.587433 -15.411591 57.243542 -34.139008 -21.821211 2.107399 -20.711281 -28.380215 -21.872011 1.638002 -11.231045 -22.654819 5.711784 -0.142881
-223.337631 87.807404 -17.930954 100.974625 -35.819122 -34.894630 7.862975 -18.808430 -27.391563 -36.233826 -5.770576 1.052532 -35.948524 11.042944 -3.444698
-269.886047 91.647873 -6.104057 134.024765 -30.549755 -72.344116 12.031336 -19.214468 -14.502890 -49.865032 -31.485367 15.538729 -50.370514 39.516251 -12.919691
-271.431122 92.748161 4.791575 123.314362 -33.293640 -83.288216 5.480020 -21.674526 -13.659758 -47.739098 -39.118023 9.554217 -49.554459 43.177402 -13.790515
-314.076691 94.654663 15.795450 118.241638 -37.450764 -78.002274 -0.279567 -22.134539 -20.656425 -44.803650 -34.094200 -0.608626 -47.754677 36.205147 -15.461851
-408.714447 83.285378 22.071592 106.492752 -33.699738 -62.766937 -1.686091 -19.023014 -30.522438 -44.368904 -14.191214 -6.560779 -37.245644 14.013517 -10.585713
-529.587952 57.492584 29.982809 56.942650 -13.077546 -33.927292 -7.526447 -24.350922 -32.819946 -25.786322 -9.983776 -15.697165 -24.303791 2.472617 -1.929958
-586.229919 42.815369 32.663139 23.445559 6.796251 -8.209824 -14.901997 -20.891819 -25.708467 -23.520584 -18.543888 -16.570745 -12.103809 -4.048688 -1.331913
