city031_050
ZAIMOKUCHOO
34
-557.839905 122.612915 67.317612 28.589861 20.516254 -6.878109 -31.488892 -15.344435 -14.178856 -21.423286 -46.830357 -24.542244 0.725093 5.241027 -14.816852
-398.427979 99.993057 63.789818 21.274086 18.587633 -6.825314 -43.359993 -5.689933 -19.919107 -15.289944 -48.656139 -10.494991 -1.666499 9.355783 -20.020145
-278.030731 79.592422 18.486729 18.294643 -4.359769 -5.853607 -31.643429 -15.319415 -23.525246 -8.498157 -33.718925 -1.158840 -5.625114 16.528666 -19.484699
-205.872467 96.440941 -17.002480 13.234585 -26.985497 -12.793940 -29.715055 -27.560879 -21.268394 -1.955942 -24.519449 12.805458 -14.663874 19.378065 -28.457554
-179.607925 117.942970 -57.344200 21.892876 -30.610203 -19.020369 -27.037525 -37.552383 -10.060099 -1.561705 -31.376511 28.972837 -29.421070 29.770828 -34.218781
-178.265198 117.890450 -78.003891 33.076614 -29.099506 -37.432926 -20.183823 -46.229969 2.322262 -5.680858 -44.768040 34.403381 -29.184551 24.676342 -27.263096
-200.591309 116.062881 -65.651367 47.665268 -34.975914 -53.217949 -18.728027 -45.548843 10.577552 -16.781618 -53.394474 36.964973 -16.632198 18.605396 -17.905437
-248.966019 118.497299 -39.561722 69.729156 -45.034084 -64.731110 -7.768054 -30.682453 15.781104 -40.121704 -57.579540 35.750397 -14.719797 19.384365 -10.715214
-285.730377 125.229050 -31.154068 87.548248 -43.732101 -57.222145 5.057571 -30.801235 5.624129 -52.218262 -55.372433 37.013847 -19.872122 16.653557 -2.682273
-302.659424 128.198517 -47.944977 92.900833 -9.306694 -51.365463 -2.109926 -46.125168 2.993661 -39.177422 -54.703224 36.626480 -20.537506 18.576307 1.002931
-321.952942 134.306915 -54.164429 81.031448 8.601177 -44.757004 -6.694290 -35.352570 -2.754963 -23.889723 -45.187557 32.825081 -18.625671 19.562378 1.335898
-337.709564 148.362442 -48.608780 60.868858 6.852544 -44.121338 6.225238 -17.040607 -14.273176 -21.904785 -30.934269 21.399845 -17.994347 28.479742 -9.779612
-329.189972 167.699402 -41.481541 44.842575 -11.833612 -63.883854 8.793813 -4.701301 -16.079929 -18.322727 -23.871521 17.109100 -21.567839 25.995644 -19.789280
-320.864319 160.523026 -23.715328 40.222549 -33.469582 -74.259888 9.243518 -1.437325 -18.152882 -15.977531 -29.592781 24.339012 -36.087234 21.656532 -23.385227
-314.660400 155.419373 -6.710491 40.769608 -44.551170 -54.894066 7.267186 -3.811504 -15.550505 -15.784727 -25.816048 14.307322 -41.118782 18.246754 -27.129795
-322.505859 146.011322 -6.905172 11.371209 -54.055943 -8.682101 -0.964889 1.348874 -14.607602 -29.205132 -11.237684 -15.657331 -15.487246 15.730619 -26.825047
-339.281006 113.610939 -27.509502 -28.056162 -33.909813 9.357012 -24.323400 6.741433 -11.343498 -40.105728 -8.305264 -11.221401 -5.015915 4.771624 -20.270744
-313.054749 38.857182 -39.600643 -9.258493 -21.368908 6.569385 -32.049141 -13.928514 -4.177704 -30.128986 -26.242451 8.596678 -21.289429 5.604916 -5.962379
-339.376556 -0.711306 -30.716713 7.262446 -12.295056 9.036798 -34.788849 -19.312811 5.908631 -24.278374 -31.156300 4.390080 -22.704552 2.318955 -3.146232
-428.185333 -35.771515 -20.964796 11.953441 -34.211060 9.130285 -26.377895 -23.145212 14.741051 -18.440279 -33.563683 5.352678 -22.139769 3.320603 -6.184161
-425.616119 -100.210114 12.540903 61.905930 -42.396828 -9.004326 -9.978335 -34.702053 1.020340 -12.615364 -39.183861 0.930090 -5.778200 4.735919 -10.683505
-254.767670 21.433804 14.037586 48.470207 -30.874825 -23.642542 -20.725965 -41.830917 -8.365144 -20.204697 -49.877098 -8.663512 -5.506712 6.533939 -3.608447
-209.793274 94.717606 -22.500610 20.504665 -16.123497 -22.387506 -19.279203 -43.703659 -21.523094 -25.302626 -38.636940 4.998049 -11.551050 -2.593489 -3.279503
-246.858032 165.183914 -45.341980 -1.319326 -13.573511 -21.442442 -16.047228 -36.178795 -19.570885 -36.199440 -32.309383 19.132301 -13.597515 -8.315228 3.083168
-312.280975 218.751495 -36.425266 -12.281075 -23.193649 -18.620880 -11.634727 -25.197296 -5.928331 -51.586548 -25.503742 34.898293 -24.329081 -7.262053 23.498848
-351.521912 232.791595 -16.386486 -18.075706 -22.605207 -37.301552 -14.050709 -3.174562 -13.340683 -52.555435 -17.713902 28.089033 -28.829857 0.854446 26.091070
-380.539612 232.636292 6.826275 -15.993939 -28.579464 -53.593460 -12.833921 16.044090 -20.555923 -55.760406 -9.772069 22.300594 -22.997084 5.168411 18.081682
-401.273438 227.479202 22.237165 -13.563690 -40.539909 -58.355949 -7.840416 16.704458 -31.813206 -59.936516 -5.696184 18.586729 -21.994698 -0.243071 11.851612
-412.577728 225.304688 30.348167 -10.679430 -45.623451 -60.935226 -7.964084 13.526690 -33.649639 -60.422844 -10.351698 9.611019 -27.207256 -7.066766 11.138597
-431.547638 219.154617 40.093903 -2.788344 -48.240147 -69.502060 -10.508749 17.943676 -29.585262 -56.722809 -15.980251 -0.523320 -22.354082 -0.619561 16.591814
-473.504211 199.491547 57.850723 0.192870 -57.880928 -79.034340 -13.638557 21.208292 -23.597496 -52.404774 -28.916645 -14.850178 -13.516937 12.380301 18.763197
-515.968628 177.711456 66.113785 -9.767924 -57.984955 -63.266968 -18.602018 6.907869 -16.213417 -38.392502 -34.393208 -21.011295 -5.925376 9.158768 9.734241
-562.067078 137.283539 57.090855 -11.920883 -47.970467 -44.591026 -18.787020 -6.206608 -15.748852 -27.798916 -27.920158 -17.026325 -3.551079 4.937224 3.577178
-627.484985 68.705696 33.505501 -2.849534 -24.302883 -27.766663 -21.753300 -16.695499 -16.516155 -18.032055 -16.185457 -9.454539 -1.042207 4.418292 4.630329
