city031_004
EDOGAWA
29
-508.416504 81.056061 10.865597 51.660137 18.951050 -50.301636 -43.771053 -21.074615 -26.776855 -37.478813 -26.864296 3.125907 13.514610 -5.050473 -16.020866
-342.226685 121.363159 -29.969418 87.863251 -8.062805 -50.910316 -27.306215 -21.760853 -0.431265 -42.944000 -25.531429 9.105317 2.504218 6.017835 -21.583475
-266.889648 126.318710 -52.839165 93.722473 -19.417713 -48.319145 -21.896029 -20.817131 6.760172 -41.360653 -22.767342 4.152108 -5.755769 14.319603 -25.232304
-242.333435 126.716995 -59.971123 102.386200 -21.118591 -40.733696 -18.823666 -27.198765 10.468277 -42.879387 -22.991638 1.254810 -9.501345 16.861708 -21.276726
-248.472961 130.766907 -54.509499 106.377991 -19.457727 -33.727020 -22.941093 -33.776009 13.119202 -51.544277 -28.148769 3.561522 -6.321292 17.793396 -12.858072
-254.177216 138.482117 -46.667244 98.393486 -16.126192 -25.779724 -27.392746 -32.484760 16.623775 -56.612473 -31.486374 6.210271 -5.704576 21.842812 -12.997469
-284.872711 142.453796 -33.544571 88.119492 -2.025822 -10.373736 -26.399559 -26.097738 17.499416 -50.767227 -25.913067 -4.315876 -7.689851 24.807291 -20.627865
-331.965790 150.411194 -13.337615 66.510025 2.915908 -0.455537 -26.571041 -26.204685 3.876919 -45.182457 -9.209684 -4.846446 -17.848349 16.883793 -18.596241
-295.984344 154.524536 -23.186975 58.879116 -19.325977 -3.317550 -16.480928 -32.281036 -14.587063 -51.130661 4.601681 4.886566 -29.697975 21.687801 -16.207176
-290.082611 152.689346 -39.064850 57.570961 -29.915838 -12.838072 -8.963841 -38.826050 -23.968021 -52.788208 1.857672 6.662366 -18.484829 21.199276 -16.205603
-301.845367 160.642700 -34.050640 53.931446 -35.715225 -23.887909 5.562621 -36.825485 -34.181656 -55.236668 -8.030613 10.773962 -6.983514 23.207958 -16.828445
-304.855560 162.497040 -21.590303 56.435371 -51.116547 -34.381363 8.004704 -23.363365 -21.964493 -56.951576 -13.109228 9.112153 -1.888629 30.457302 -16.664442
-315.857819 166.143967 -7.660785 52.492935 -50.681107 -34.235176 -3.072237 -13.071523 -7.517228 -57.625084 -17.456709 -2.872015 -4.193722 30.389858 -27.384193
-300.417847 171.528915 -22.152374 40.325233 -44.371323 -25.004993 -16.407558 -22.403748 -6.404682 -63.014023 -5.763558 3.600492 -18.922245 37.077713 -18.711662
-270.344055 172.795776 -39.773834 31.069111 -47.233559 -22.153809 -21.983208 -30.224541 -4.191649 -57.071899 -1.292623 23.244667 -28.898590 37.220543 -2.641446
-250.268066 165.841187 -43.690849 23.515850 -44.223946 -24.007954 -15.627998 -23.800297 -25.380405 -41.986370 -10.049828 31.025837 -22.887470 28.390694 -0.954111
-258.699371 156.658920 -42.286278 20.642330 -43.613297 -27.798561 -4.552056 -14.610981 -40.342598 -30.034195 -17.328484 38.651871 -8.756918 15.441055 -1.238063
-268.088379 156.247971 -39.379478 17.622349 -53.102806 -36.435410 6.269931 -11.211538 -46.798592 -23.280727 -21.172089 38.560432 -2.160370 2.660113 -6.983554
-276.443420 160.608765 -38.782242 14.455494 -46.672844 -33.432533 12.369915 -13.423014 -51.217209 -14.127232 -18.597668 32.320663 -4.139008 -1.356175 0.334186
-293.000061 165.219849 -32.832794 19.044508 -44.168091 -38.502686 13.051136 -11.134586 -40.680588 -14.913076 -17.992924 22.549412 -13.663250 2.619064 7.282787
-304.034851 173.938980 -27.864391 23.854259 -45.341873 -42.350410 16.755888 -6.461487 -28.573380 -20.530678 -17.211895 17.127382 -20.309916 6.103217 14.049058
-302.754913 173.306290 -33.306801 21.742218 -47.207436 -42.541962 18.162975 -5.988528 -21.537319 -22.313316 -24.288576 12.200851 -21.174816 7.666216 10.106009
-288.815918 175.390411 -45.326271 18.592197 -44.300919 -40.644588 13.849963 -8.991148 -20.538015 -19.864922 -27.038031 8.146291 -12.251667 6.992845 3.867397
-271.399750 174.515930 -44.835373 20.233326 -53.739559 -40.441135 12.449434 -3.953118 -19.002270 -21.931484 -28.843231 14.226929 -0.920260 5.858625 -4.911789
-262.154358 179.102936 -29.285877 14.472500 -73.397034 -49.853287 1.698462 -0.001261 -21.383131 -28.655182 -30.413486 22.236855 1.101579 5.913515 -11.054749
-312.242188 176.556030 -16.138254 6.575071 -71.106903 -51.836403 -4.069255 -2.501593 -16.273006 -35.326080 -19.463268 20.745682 -0.378302 10.899765 -13.284320
-420.214844 153.970001 1.933461 -15.710260 -51.116684 -50.792046 -13.455985 -5.420061 -19.175240 -34.742752 -1.832903 13.542995 -5.240522 10.750511 -20.479988
-524.198120 101.381165 21.438934 -30.023792 -50.644829 -33.819225 -4.372812 -5.253942 -19.629177 -12.977108 4.529364 8.149241 3.396816 -2.071847 -16.432472
-586.850342 45.560802 14.909647 -12.674986 -23.584496 -19.902660 -12.927576 -10.136881 -9.633668 -5.969011 1.424923 7.163193 6.287739 -0.195539 -6.688503
