city031_040
RISHIRI
25
-568.028198 20.272203 18.789904 16.431654 13.355028 9.760283 5.872999 1.925327 -1.861964 -5.294876 -8.217711 -10.519785 -12.137397 -13.051455 -13.281766
-481.312775 72.968857 62.449409 67.369484 4.393619 -12.785700 1.804809 -14.684135 -26.421619 2.692341 -22.547890 -17.292807 -9.099085 -21.580536 -6.136140
-385.147369 87.526367 77.603790 95.696228 -14.065454 -44.963795 -5.416052 2.076170 -49.216881 5.175911 -26.613594 -15.238508 -16.125635 -28.006378 8.601134
-336.853180 81.916367 81.441589 92.740829 -23.201721 -54.860886 -5.409938 0.335336 -50.081276 -4.973318 -26.536945 -8.031151 -17.118225 -19.432011 10.214499
-318.797180 61.107025 67.753960 84.539406 -29.034927 -46.545959 -3.511663 2.894516 -51.469376 -9.709599 -19.678808 1.729346 -14.656136 -7.110115 10.283321
-298.112213 45.391781 65.333496 83.513596 -33.582466 -37.266647 0.629760 5.568658 -54.490555 -14.260551 -17.795414 2.017807 -12.806429 -6.928791 3.888641
-274.184418 -9.879101 72.303040 79.425827 -36.825073 -17.990051 -2.280242 6.222393 -48.744659 -17.093019 -18.888023 -0.764244 -11.334148 -8.302004 -4.164102
-269.098480 -67.672646 39.951019 55.560467 -33.242554 -8.085246 -6.266041 14.403509 -38.430111 -5.369169 -14.827967 -4.194826 -11.508620 -9.940742 -8.396023
-265.109528 -95.508942 5.388209 22.481529 -50.656723 -20.148750 -11.781263 15.005415 -32.666851 0.223680 -7.569998 -6.471528 -11.957409 -15.725323 -11.049590
-252.689896 -86.515244 -1.452677 25.449013 -53.553017 -18.991879 -11.651129 6.430778 -32.705585 0.076812 -7.234498 -5.949239 -12.900207 -13.466410 -12.164761
-215.599762 -2.763521 52.722099 75.424744 -35.135643 -18.983910 -15.977528 -5.226231 -44.836838 -16.616894 -23.528286 -14.523691 -19.814850 -12.433241 -8.281267
-223.236847 45.703556 50.366325 100.728371 -35.538406 -33.932461 -19.946022 -0.172629 -33.303860 -26.004379 -30.350199 -6.656749 -17.538958 -16.768831 -4.249158
-231.224686 66.983360 12.613121 116.630630 -34.789680 -39.247971 -12.108395 -7.062895 -24.097168 -24.546555 -26.545536 -5.433698 -17.376978 -14.980405 5.890446
-240.856857 84.480225 -12.531939 120.845901 -38.863907 -49.901604 1.402526 -13.631266 -28.176514 -30.178249 -17.584309 -5.452664 -14.145466 -16.145836 10.963997
-236.198807 93.713089 -13.653419 116.573524 -45.870613 -72.332047 21.617405 -13.426275 -36.053986 -34.615990 -15.270002 4.455935 -22.787373 -14.509332 2.857474
-236.565536 102.624115 -17.955812 109.997421 -49.407322 -83.939636 31.139675 -23.518192 -33.338028 -25.780226 -15.517742 5.410053 -29.415945 -5.000023 -1.237444
-250.901688 111.887756 -16.754812 110.278603 -53.161350 -83.917725 29.898338 -22.337057 -31.282642 -19.694233 -14.216876 3.194623 -29.078312 -3.769439 1.928174
-277.145111 99.279587 5.356719 108.438644 -54.784328 -64.704529 17.238258 -9.556866 -33.637005 -21.028618 -13.872208 4.557193 -30.402151 -4.351928 4.087021
-263.850677 87.180023 12.177536 114.294449 -53.188545 -57.105240 22.789520 -7.463086 -38.442177 -27.483536 -15.344658 4.574621 -32.226173 -1.169850 9.437305
-264.794525 85.464500 6.048939 120.801277 -47.268112 -52.678055 23.644924 -8.306595 -34.730911 -29.172764 -21.030720 -2.886672 -29.207142 1.458583 15.298529
-279.734283 93.537521 1.566004 120.778809 -47.209118 -46.507187 19.430321 -15.768941 -36.112495 -26.247887 -19.603245 -8.847038 -23.669392 6.111891 14.617901
-298.284790 100.710999 2.948535 118.308578 -44.017128 -49.550289 6.880164 -20.869324 -39.290184 -30.556267 -11.028643 -14.848201 -22.513123 5.047194 9.711823
-361.634125 92.694626 13.750531 105.474060 -41.020905 -57.142464 1.067093 -23.072741 -38.591038 -43.138996 -8.828798 -17.101719 -23.608150 5.083868 -0.426223
-473.594543 64.605812 30.388678 58.177536 -22.705051 -40.500313 -12.518183 -22.275463 -30.712917 -32.142380 -9.785596 -16.546162 -25.852510 2.298873 -0.637112
-559.493103 25.641500 19.279915 18.119247 6.874022 -4.031601 -5.063143 -9.437193 -15.428101 -13.070023 -9.938106 -10.866510 -8.473866 -2.786312 -1.333108
