city031_094
BYAKUREN
25
-541.264771 69.077301 -11.211048 86.298798 17.702417 -64.417252 -22.699787 5.718063 -31.514606 -32.918209 -22.515444 0.970677 6.945233 -6.368170 -7.449315
-407.643005 97.148445 -14.749444 107.810074 3.354444 -56.451820 -24.622414 10.302258 -32.733284 -25.977299 -25.819714 -2.009163 5.660412 -2.240981 -11.473646
-313.659180 138.948608 -43.761650 81.957764 11.352134 -42.063972 -41.126850 -5.155964 -25.512012 -14.151527 -28.410755 -2.865946 3.070261 4.714336 -9.248449
-263.278198 165.463074 -71.213234 53.871292 11.182144 -44.925095 -49.411671 -4.040902 -30.721775 -4.962683 -33.106979 8.515114 -3.539837 5.084396 -1.483297
-261.300018 177.377655 -89.459702 21.589787 12.533592 -44.834419 -53.363640 0.917282 -33.973614 -4.792242 -27.211521 14.839085 -2.556148 -1.736683 1.614553
-293.242706 205.118210 -84.771263 -1.081288 19.927490 -38.500244 -64.024704 -4.949122 -22.960735 -27.103020 -18.296759 16.714474 -5.451401 -8.244518 -0.276535
-365.903503 208.574158 -58.125740 -4.094814 28.036133 -29.747326 -66.084351 -14.361334 -6.324059 -41.420429 -14.484362 20.304638 -9.212134 -15.889659 3.986238
-445.933746 158.060272 -52.597870 3.955233 23.156181 -22.734167 -47.166969 -12.259273 1.489916 -32.439354 1.394132 7.263584 -20.877934 -0.729510 -12.712141
-375.151459 132.688049 -111.163788 0.718543 -29.279633 -23.945478 -30.215775 -23.922667 5.380365 -30.023640 4.210283 -7.444381 -12.954768 24.816704 -21.536777
-325.766876 174.258331 -83.617676 35.017960 -14.440950 -24.447092 -37.154453 -27.020317 -1.927807 -46.517017 -5.121705 -14.740200 -19.141054 21.914850 -20.757595
-322.256409 202.298035 -60.741333 47.716553 16.493813 -27.238533 -56.907932 -23.262962 -3.342955 -58.926788 -2.055563 -2.874149 -27.899414 22.310072 -6.206009
-329.245026 213.437897 -62.049690 30.847612 25.866192 -27.866871 -62.229549 -20.710888 -1.114514 -57.205105 -5.725882 7.498745 -29.560482 18.095440 8.391203
-341.434845 200.488983 -67.132050 39.959682 20.970264 -41.944393 -44.763130 -23.437189 -9.620676 -31.497410 -14.703366 -6.694338 -11.147911 8.946135 -4.033797
-335.200897 184.423264 -49.865639 41.144539 32.906685 -53.851162 -39.969624 -14.330263 -25.741169 -11.884363 -20.229652 -16.197514 9.180624 -3.438640 -1.526337
-279.589722 142.864716 -27.462513 21.104572 8.840184 -43.490822 -29.224407 -8.309635 -23.916702 -5.618340 -18.761211 -12.938192 10.029072 -9.626774 -0.494972
-270.070892 141.174194 -26.114510 15.397757 1.493605 -51.094551 -32.444931 -9.861427 -21.860367 -2.676614 -20.974918 -11.616604 11.142544 -15.835410 -4.534878
-311.506500 153.787598 -34.980286 20.737843 11.078017 -67.192398 -37.688812 -5.835837 -16.163567 -1.526929 -24.721899 -8.699288 11.992053 -18.813805 -4.330083
-365.535614 183.669037 -54.236931 32.323578 23.153742 -62.261589 -35.165863 0.093732 -9.146210 -11.818357 -14.903104 1.899704 5.907268 -2.809123 -13.307410
-415.457764 195.667694 -48.424141 18.145359 41.477921 -57.737309 -44.895531 8.733319 -15.548676 -27.594326 -3.015023 -1.389667 1.620158 6.984324 -20.633272
-444.773560 193.716293 -24.948593 16.609289 43.673027 -49.731724 -46.490646 14.451057 -12.237453 -38.789322 -9.238234 1.941307 -2.635964 1.148991 -11.118661
-467.028137 190.081451 -4.853701 21.817781 48.101051 -42.942993 -56.775764 11.082747 -0.968197 -44.420368 -18.100353 8.321231 -7.632746 -9.098516 -4.801704
-503.412445 169.843658 15.466349 35.167656 44.246635 -40.824768 -56.723560 0.726539 -2.526838 -39.072792 -22.673740 0.648370 -10.974533 -12.191072 -5.939665
-561.287170 136.378448 40.763103 48.140823 36.223480 -37.076263 -53.802082 -15.189911 -16.225698 -37.024452 -19.698872 1.009080 -5.228706 -7.120912 -4.440869
-609.058044 113.156494 65.267677 48.944298 17.012871 -31.594284 -43.416389 -29.121164 -29.135679 -28.856674 -8.646606 3.626144 -6.618844 -11.625220 -7.680389
-641.456909 90.416725 65.048523 36.995583 5.219546 -21.623848 -32.517075 -32.281464 -28.305607 -19.897770 -9.272313 -4.714248 -7.776072 -10.738144 -11.708113
