city031_008
KUNITACHI
31
-518.478882 69.565628 -37.649158 -23.479414 -0.910569 -13.517982 -26.851685 -15.244101 -8.026251 -6.669872 -16.670399 -8.873978 12.705955 -4.946576 -16.057304
-341.604645 72.196381 -41.647095 -14.533134 -7.117139 -15.343256 -44.406277 -20.388630 -25.995682 -22.290268 -17.328440 -20.314903 11.419390 -5.185058 -16.802017
-291.361908 85.869469 -22.041428 13.273827 7.739759 -7.304520 -40.385071 -16.533939 -29.988466 -28.471813 -18.726120 -18.774040 6.108408 -5.389255 -14.139608
-272.432220 125.104630 -18.706429 43.515305 11.467089 -19.136597 -36.038769 -25.436317 -37.955246 -32.391361 -15.516891 -17.013447 -4.561831 2.147514 -9.737806
-257.506104 154.101959 -53.805771 53.827217 7.759581 -41.095520 -17.581697 -46.235531 -21.113663 -29.695211 -18.274521 -3.958796 -11.148294 8.933531 -10.529768
-250.520966 146.792694 -68.061447 55.508797 3.172855 -65.847916 -4.398398 -56.533112 -11.661222 -19.721699 -23.894390 16.863630 -17.903900 14.254099 -21.680492
-265.413025 131.908722 -57.971905 69.131401 8.338320 -65.129143 3.903204 -45.818413 -12.061959 -9.307991 -23.551407 23.097504 -21.579048 8.383053 -29.917603
-299.393585 128.241821 -45.840355 77.859253 9.373144 -56.177368 10.592981 -21.967318 -24.171200 -16.601414 -29.345253 13.488488 -21.526958 18.244366 -30.033829
-301.840424 119.876755 -26.174393 77.839676 -7.394149 -56.399361 17.852516 -18.690392 -23.807243 -25.083895 -34.333267 22.796162 -19.962795 27.800205 -30.018681
-297.247894 106.824753 -12.911922 67.249695 -14.773700 -49.811604 27.343132 -34.044064 -20.305508 -19.039753 -37.726219 24.313440 -23.102360 27.086189 -20.545166
-295.494873 86.651680 -5.256223 81.479431 -12.906788 -45.856266 23.017624 -21.426231 -26.394512 -25.302963 -41.661209 17.663244 -24.726912 19.571842 -9.391962
-289.210571 84.842300 -1.850135 91.838257 -16.146774 -45.266777 -0.465832 -3.746343 -30.585402 -41.788132 -40.485584 5.507998 -19.319708 7.616403 -9.514699
-332.995850 90.146225 1.419428 86.956024 -15.598596 -39.148716 -16.413614 1.089748 -30.507927 -41.636391 -32.335274 -1.545468 -12.455992 -1.044406 -8.029284
-334.516693 79.252579 -6.016418 43.927059 -27.478958 -21.512981 -15.611490 10.330860 -18.629168 -25.414721 -41.240379 2.681599 -1.748359 -5.663509 -25.905243
-237.529877 63.196663 -10.790392 29.888479 -37.352730 -28.452545 -26.893257 -2.972542 -19.343212 -19.644262 -35.653839 3.230675 -0.238477 -1.858730 -24.291578
-210.521774 100.739975 -5.335281 16.031231 -40.028008 -21.980968 -23.649544 -12.778330 -24.908451 -10.244175 -26.273834 -1.762016 -5.257992 1.205928 -22.268318
-243.334366 164.710236 -24.214155 1.245685 -32.643673 -26.345522 -17.100910 -19.674179 -32.950081 1.270502 -21.203661 -2.559852 -1.498682 7.601213 -24.115402
-276.013092 187.202698 -46.866962 2.092015 -17.146404 -36.489761 -15.553221 -24.999069 -41.371117 6.978039 -17.830322 -3.776008 4.883297 7.720403 -16.610037
-260.820709 129.034271 -13.943562 12.405371 -14.249292 -20.949005 -19.528843 -22.110100 -43.785271 15.700400 -24.920452 -1.923387 10.690890 1.374134 -2.833032
-302.130951 75.065521 15.485573 26.731552 -11.344560 -8.041707 -15.193421 -16.257338 -41.303020 13.336540 -23.985004 -0.667704 2.440993 2.324220 1.646633
-349.328796 5.961770 27.842194 25.529335 -16.354311 2.813715 -17.084476 -0.344980 -28.490387 -11.296952 -11.233812 2.819102 -3.171414 -0.011696 -9.608379
-319.204895 -49.081505 25.015583 20.959049 -37.180817 -7.196387 -18.504787 4.704966 -24.048944 -24.279224 -17.794437 -1.126216 -5.686290 -4.141004 -20.836853
-278.357910 -16.461760 48.592819 63.980625 -25.553814 -16.109583 -25.685598 -8.815952 -28.655178 -31.802082 -29.528677 -4.046474 -9.052797 -8.256433 -17.512341
-252.668884 43.775230 38.854351 97.910477 -13.719353 -33.212982 -26.580360 -4.756184 -31.736351 -40.002991 -34.062489 1.230152 -3.841841 -11.076313 -11.921852
-256.901337 87.297180 -3.459379 116.873459 -11.961346 -38.173416 -17.846270 -2.250086 -33.247452 -31.695663 -28.650318 5.187088 -5.318706 -12.187424 -8.727023
-293.040588 119.525040 -24.472858 135.561569 -15.420811 -43.898182 -5.791792 -14.538150 -18.857159 -37.972256 -12.992105 7.053751 -8.198782 -12.564649 -6.834224
-353.314850 131.566925 -15.336781 128.607971 -11.782419 -55.740238 -0.425308 -18.437649 -13.908670 -39.941872 -13.450254 11.632033 -13.615612 -9.930807 -11.735966
-456.160614 111.778732 10.897766 90.959579 -9.155048 -64.407394 -4.760911 -9.957079 -28.281258 -32.240559 -11.761751 8.397701 -11.156493 -17.782492 -9.463014
-545.961060 87.928162 36.248085 67.011391 8.204584 -48.974243 -14.012270 -8.874822 -36.155811 -24.549416 -4.481861 -6.131973 -12.288716 -8.712187 -3.509510
-593.866943 82.130150 56.906334 35.417831 7.235846 -19.106937 -25.618034 -22.293610 -21.352501 -15.865025 -6.121608 -3.779889 -8.866911 -10.959455 -8.558585
-625.333801 48.301800 37.554634 22.413057 6.181274 -7.925149 -17.615242 -22.012018 -21.670744 -18.168146 -13.445555 -9.153908 -6.219532 -4.744658 -4.221100
