city031_058
BIZEN
19
-557.507019 59.901299 26.008152 50.059845 36.223942 -9.522606 -15.448284 -9.558152 -21.713680 -26.621624 -19.561443 -10.476513 -8.501429 -17.682913 -14.232159
-412.801025 105.396790 1.413950 97.134354 25.860806 -33.498875 -19.491453 -10.147554 -25.893456 -42.384445 -10.669645 2.334442 -20.109533 -11.540684 -6.021997
-350.731995 109.219254 -10.531353 122.905464 -7.570155 -35.150818 -0.757839 -18.854286 -19.354542 -44.755394 -7.645049 4.731303 -20.787840 -4.687419 -3.623953
-337.238525 100.283096 2.943772 132.878845 -31.753111 -28.341681 9.817231 -27.225504 -15.789144 -50.571335 -4.456566 -0.040286 -18.475473 -0.362208 -5.762455
-305.869720 91.245758 5.986680 124.477005 -26.037594 -21.068819 0.223147 -29.264141 -21.094547 -51.186958 -1.730007 6.326495 -17.281780 -2.425110 -13.081686
-275.375702 84.494110 -2.494142 98.371979 -10.310982 -19.626350 -12.278109 -19.825302 -29.604622 -41.277306 -12.502756 4.141180 -11.087410 1.576347 -21.964489
-267.016144 68.959686 19.811451 57.941525 0.469305 -21.379021 -27.621410 -3.191628 -32.710411 -24.718723 -18.466953 -0.853263 -7.719946 6.293848 -28.680775
-253.242325 75.690384 32.722042 31.490637 2.393547 -12.812248 -38.873169 -2.961574 -34.135826 -15.473309 -26.003954 -9.201537 -2.628449 8.734360 -28.936525
-218.535400 85.427895 -1.858603 34.785885 -20.028721 -16.670746 -35.850731 -12.493639 -29.071913 -14.059124 -28.034019 1.707829 -4.650955 4.604344 -27.664648
-223.424850 98.127670 -31.554413 41.136078 -34.081390 -22.885921 -23.054440 -20.619461 -17.407896 -20.296597 -21.535797 5.684061 -11.154158 0.732152 -29.420101
-198.410431 103.845612 -33.702427 28.482159 -34.828751 -8.675590 -25.494303 -14.747478 -14.889290 -13.937210 -18.548639 -3.624141 -6.003493 -5.807858 -12.992554
-207.098511 112.810989 -33.728775 26.994862 -30.098675 -8.050839 -31.486050 -9.045701 -13.569572 -14.103213 -21.946192 -1.223925 -4.859657 -11.910095 -2.890452
-267.435089 124.159988 -51.247391 41.575928 -18.676489 -23.095270 -17.800945 -12.696934 -6.726919 -24.388508 -22.969971 0.891447 -8.762722 -9.201052 -6.715734
-315.140625 123.154015 -55.345657 61.545776 0.078397 -31.204460 -8.767484 -34.187454 -7.533483 -30.644197 -21.000381 3.161683 -15.325363 3.233778 -15.527905
-338.167908 121.100052 -44.400787 61.979328 -2.143035 -17.851982 -16.300104 -36.089962 4.023209 -30.349377 -21.053143 1.782654 -17.925915 8.968672 -11.639198
-377.504639 110.113022 -32.741074 64.559586 3.128911 -8.866746 -21.187164 -31.950104 6.623937 -37.046722 -25.166254 0.347080 -10.250378 11.232250 -3.380626
-424.533203 94.216614 -16.566021 69.837006 15.194494 -19.434830 -30.523853 -26.621407 0.509506 -33.066845 -24.316710 -4.605604 -3.835363 5.240845 -10.058196
-497.472870 75.565430 5.851052 53.327759 23.827324 -16.647547 -34.144562 -22.678780 -10.409445 -26.035784 -16.556374 -13.334291 -4.343942 4.073983 -12.617682
-582.716187 57.514210 41.877689 27.453579 10.595774 -6.501072 -17.487099 -19.582924 -18.857529 -16.845871 -12.845890 -11.520695 -8.547323 -3.946400 -4.369380
