city031_018
TSUKIJI
26
-521.627686 -14.899458 61.759514 -3.914698 -49.440254 1.842170 -66.706497 2.783460 -9.140718 -11.983743 -1.829092 -7.777019 -7.487192 1.614592 -5.382554
-449.810028 -69.922043 56.840420 -0.794293 -31.964924 2.319338 -66.601456 12.276213 -1.248889 -23.875486 -16.373363 3.135725 -7.462336 -5.009538 -10.795634
-346.180847 -80.739838 16.846457 -0.044637 -23.051601 -3.977607 -52.175098 3.641489 -10.247644 -14.931154 -17.927654 -2.080544 -5.468787 -7.843634 -13.989716
-249.251358 -14.122576 49.123501 35.821186 -0.059855 -0.406214 -55.948681 -9.002612 -21.162346 -21.693390 -26.514793 -22.581615 -6.113341 -5.948737 -17.366442
-205.249939 38.444687 40.564644 56.095047 10.322103 -9.933156 -69.113098 -10.837236 -16.083120 -27.972847 -20.683842 -24.534929 -8.779393 -1.839472 -22.006119
-207.687134 80.335266 5.701615 76.141335 17.864645 -20.677938 -76.596024 -9.011917 -7.960476 -44.109512 -11.544302 -4.663761 -24.412033 5.834685 -14.364931
-253.501373 99.942703 -1.781265 79.204910 27.458096 -26.790560 -84.857834 -7.567890 1.092590 -57.666283 1.491543 7.712430 -34.606861 11.405430 -8.449250
-350.470703 113.937080 7.665937 83.927994 35.247875 -30.823231 -77.820160 -3.842036 3.824939 -55.102303 8.067670 3.932599 -29.764191 3.307454 -3.404107
-318.392273 39.962105 -22.216698 80.487793 -31.378109 15.059413 -37.198635 -8.925684 2.923563 -17.593792 -17.910137 -13.448689 -2.743814 -6.622721 5.812031
-235.676865 2.454965 -21.892262 57.745392 -36.394379 7.520667 -39.265839 -19.495575 -4.894517 -16.044916 -22.347031 -18.633215 -14.048280 -14.870752 -5.727062
-211.528809 31.519171 22.337004 81.036163 -21.852043 0.109398 -42.388115 -27.508224 -19.317162 -18.188000 -14.306132 -13.736032 -19.182690 -12.135923 -9.924580
-246.527100 50.666813 39.136467 116.466370 -20.361389 -22.115364 -40.662369 -24.350544 -18.863390 -22.326927 -5.617242 -6.350926 -27.441257 -3.524895 -16.351910
-297.686371 76.051903 22.406296 146.429504 -28.970062 -40.257992 -35.984806 -19.627808 -0.749779 -25.293007 -2.466267 -3.269274 -25.561913 11.271176 -9.142714
-334.894806 100.408890 13.996872 149.644806 -23.629955 -38.759956 -30.524317 -36.017315 1.059977 -36.566475 13.472029 21.591652 -31.899654 5.814270 -3.194311
-324.440552 90.326965 37.690468 128.887543 -10.592665 -16.489805 -51.614639 -20.836760 -3.176073 -34.185776 4.417721 32.911789 -29.138170 -1.964544 3.936797
-290.728577 59.885460 44.547932 107.100021 -2.149847 -7.749908 -62.641235 -5.390740 -9.031256 -22.606712 -10.542192 22.105019 -17.840168 -1.093497 -4.883262
-253.343185 41.474785 44.144268 84.123917 -13.113188 4.293771 -60.863029 -4.462513 -8.786978 -13.187512 -14.790004 8.961136 -17.363346 3.107679 -8.605558
-224.215302 33.275616 34.665016 78.285889 -29.079468 10.333012 -50.648689 -5.361790 -10.187284 -10.901495 -18.484926 4.579682 -25.615274 -0.716097 -10.839706
-203.500244 43.411850 18.881771 83.492043 -31.324236 3.213534 -52.386871 -7.258509 -14.689848 -13.871418 -23.978809 13.072861 -17.874943 5.233500 -5.544285
-215.965057 59.410919 3.912564 97.525803 -27.516462 -11.799999 -53.457497 -15.032455 -19.915100 -15.851765 -21.802277 18.398979 -16.613705 5.844048 -1.981545
-251.750015 70.098175 -1.061723 126.895950 -27.137335 -26.554844 -44.222008 -25.003931 -15.077744 -22.906094 -17.374306 16.317492 -19.961445 6.703788 -3.234488
-297.471008 96.808273 -17.293959 155.908325 -31.378635 -55.831284 -17.294203 -38.667618 3.270961 -26.062229 -16.228804 8.007612 -28.442509 12.666934 1.934627
-316.710754 110.531258 -14.698442 145.763702 -38.767136 -72.907883 -17.664055 -39.243706 5.754539 -29.348015 -20.731684 -4.640451 -32.165005 14.900002 2.152896
-380.578888 95.969650 -0.195381 118.731224 -36.755241 -70.500214 -24.104900 -30.515835 0.021339 -33.194675 -19.128847 -9.773561 -32.987213 6.989364 0.696752
-498.423279 61.176216 16.284204 69.838783 -26.029943 -54.666260 -17.543753 -16.604549 -15.423745 -28.030449 -9.978557 -8.747466 -25.493334 -3.372808 0.633266
-580.872131 47.381493 27.407085 22.471317 -5.011886 -28.234373 -21.026802 -20.659777 -27.865049 -16.444542 -7.269703 -13.146494 -10.174386 0.283336 -0.351504
