city031_035
MOTOAKASAKA
37
-593.346741 20.635067 18.148411 14.859207 10.283655 5.860359 1.811357 -2.703194 -6.436622 -9.130991 -11.507339 -12.425163 -12.103426 -11.902025 -11.150570
-461.615051 130.059250 54.278366 37.988335 -29.826612 -39.882996 15.771807 -6.927259 -33.843952 -12.882088 -23.997883 -28.947737 -3.421338 -5.111974 -14.626798
-376.882935 162.176331 29.395226 48.946503 -41.277561 -46.108326 27.201296 -22.222244 -39.031113 -7.761336 -19.897610 -14.273429 -7.549559 -9.574392 -4.387790
-342.913910 157.943054 13.421980 47.137756 -51.974258 -44.490868 25.499989 -26.589680 -35.773094 2.978945 -18.068302 1.682906 -11.194410 -16.391125 5.247476
-330.508881 154.797302 16.944077 41.545654 -68.279549 -46.571140 16.579765 -24.406147 -28.677202 9.418797 -13.636923 6.897769 -24.521042 -20.187351 12.857746
-341.111847 157.250427 37.693699 42.614113 -69.767563 -49.713814 8.481479 -25.107462 -29.180807 3.578909 -17.414865 -5.827766 -40.470825 -20.726646 10.951180
-401.006012 151.701874 52.617889 32.257660 -60.185169 -40.385872 8.147455 -22.376804 -20.229427 -6.144337 -20.467999 -19.500198 -37.371063 -13.485224 4.272615
-404.893494 109.118851 33.580116 26.721180 -71.192047 -20.214985 17.371880 -22.163300 -22.066410 -18.289154 -26.360531 0.935824 -23.086758 -4.483072 -0.786486
-273.151001 139.058731 26.084803 22.497200 -83.870209 -26.722670 19.890892 -33.965748 -41.929565 -9.836535 -41.346264 11.019925 -27.874142 3.963671 -0.589460
-234.548492 144.010223 18.998089 21.678276 -85.363113 -29.295391 31.835470 -38.345776 -48.639153 1.609704 -44.260189 12.445276 -29.795834 5.832275 3.683321
-243.299469 150.023071 4.631731 11.097888 -92.051407 -37.112682 49.802010 -25.444698 -54.406822 9.919798 -37.261147 12.239529 -26.490345 7.969748 17.177914
-259.525574 162.915802 -11.721878 5.499110 -92.430420 -41.488060 47.512173 -6.193077 -54.911270 4.120149 -23.546955 17.536533 -22.244431 -7.001915 19.044731
-244.497375 166.124542 -20.115158 -15.870075 -93.818817 -50.230736 41.399860 7.460995 -72.647835 5.253396 -15.743270 37.321327 -21.895185 -19.528728 19.554428
-228.660873 159.370773 -22.331158 -29.290504 -103.205154 -48.996193 42.867119 6.919724 -75.082169 10.952847 -16.156973 39.959286 -35.033752 -12.844120 11.868446
-222.705017 161.998016 -26.357679 -25.133183 -92.416283 -45.459351 40.829720 6.401419 -66.216278 10.966204 -15.362157 40.255161 -41.834419 -17.054390 3.267596
-215.747360 171.938065 -36.557350 -11.793398 -68.725632 -39.991272 20.365635 -3.068970 -64.178223 -1.194384 -2.525309 39.103180 -39.854744 -20.271793 16.410522
-227.350967 177.394287 -40.125858 -7.027825 -37.751495 -33.749165 5.633860 -16.748276 -49.293526 -5.885859 -4.431910 12.004393 -36.327911 -9.446366 17.479965
-281.936035 162.009766 -42.658630 -10.482944 -28.115696 -17.170290 -7.459165 -24.258738 -33.149380 -7.639544 -9.149382 -15.960820 -23.829023 2.506978 -1.553331
-255.335205 171.408539 -56.178883 -8.880577 -32.833851 -12.461032 -21.700314 -21.679117 -29.296825 -17.525143 6.390201 -20.669775 -4.251600 -3.188449 -13.387735
-219.531616 190.888336 -55.873009 -17.073843 -34.461906 -18.881874 -18.588825 -12.636190 -28.808968 -22.082914 4.615858 -2.426793 -13.253820 -2.541531 -9.403315
-241.428543 190.501755 -54.936062 -30.239937 -26.217274 -30.677675 -3.749633 -6.229633 -36.920364 -10.029938 1.554993 12.371661 -19.137192 -2.740578 -5.552197
-253.962143 139.998291 -34.040260 -18.097414 -22.796070 -21.419197 -0.708570 -1.156330 -44.655975 9.780618 -16.330181 22.273457 -20.919106 -1.869589 -11.533806
-264.674011 64.646187 -20.205914 9.319721 -22.937691 -11.398079 -6.298014 1.551022 -30.336445 7.059518 -27.767376 8.734931 -15.535110 6.304381 -10.087270
-296.886688 33.380219 -36.500488 -5.789518 -35.819832 -11.524784 -6.814290 4.428449 -19.746946 1.010878 -31.937101 -2.070347 -20.230061 3.818668 -9.321056
-280.965851 140.074188 -1.331921 -18.119045 -52.236210 -21.905527 -4.879937 -12.497709 -36.051666 -8.056852 -14.670862 5.334168 -19.376095 -2.346472 -24.202940
-264.533630 199.474945 -30.285877 -27.076069 -31.716005 -34.204689 8.018269 -14.166409 -42.283413 -1.619210 -8.675510 10.528782 -25.146450 -3.063484 -19.692657
-243.212677 194.708801 -58.499310 -17.703983 -26.255606 -34.709961 5.540552 -22.673992 -36.839756 3.503995 -14.069664 16.410667 -29.291935 -6.385415 3.131373
-251.189316 190.050415 -56.441277 -2.899300 -25.186935 -30.412605 -1.781614 -35.390182 -36.190853 -3.347147 -16.370991 6.793704 -39.261143 -8.232634 10.809563
-317.561035 174.517548 -32.132832 4.860113 -17.592844 -24.490618 -8.701490 -41.617737 -36.556252 -14.325311 -10.858250 -5.290450 -38.634712 -10.535303 8.702836
-393.641815 151.094345 -14.478951 -37.888588 -31.372028 10.499945 -0.024621 -26.566946 -27.629534 -26.714718 0.268786 -8.235042 -26.648443 -10.798250 -1.573215
-304.718567 175.403259 -37.641327 -31.377724 -51.465149 1.271194 -14.029374 -34.057007 -20.819778 -35.732300 -0.860859 6.388399 -16.980394 -17.767643 -10.438807
-234.328552 184.263123 -47.284485 -24.834394 -47.685467 -11.479790 -11.214214 -18.479761 -28.154058 -23.610950 -15.936686 24.784855 -17.614981 -17.022610 -10.958754
-215.899796 187.051086 -52.116367 -30.529449 -46.205421 -27.453423 3.160702 1.085610 -37.072403 -8.350756 -27.754406 36.383022 -17.013962 -23.893757 -2.628201
-233.287308 188.733353 -38.660912 -34.399551 -54.804913 -40.751854 5.633884 9.525707 -43.314468 -11.687904 -23.519669 39.684502 -16.590689 -25.790203 -7.957613
-301.436371 180.073792 -20.456257 -43.413834 -63.325989 -53.921646 4.861865 12.575935 -45.531425 -23.614815 -11.389832 37.973331 -15.981417 -22.336720 -11.590295
-423.331146 140.531021 -8.832096 -47.604332 -62.570892 -54.145741 -6.161762 2.815094 -33.242752 -34.268349 3.874187 24.431080 -7.588464 -17.355019 -14.451049
-518.954895 88.170776 12.340631 -35.991714 -41.235672 -23.291866 -5.596226 -7.771883 -24.443346 -24.627382 -2.823142 9.081640 -1.220451 -11.362960 -10.418420
