city031_084
MYOOKOOSAN
32
-668.628784 27.014359 23.479036 20.390617 11.822081 5.159313 1.140601 -6.042804 -9.805151 -10.145369 -13.100260 -13.126652 -10.733904 -11.441435 -10.177925
-564.519043 128.840302 69.729446 62.704285 31.385468 -23.598969 -27.114399 -7.008007 -20.671743 -35.647480 -15.580957 2.988503 -10.152710 -19.034042 -3.790124
-451.269104 156.880371 11.750887 81.941422 37.083397 -47.767479 -25.019596 10.281740 -19.007828 -56.626900 -4.855592 21.132238 -23.784870 -11.944949 0.394171
-355.984161 164.333862 -55.509743 69.480171 25.713377 -32.615448 -20.346283 -17.683102 -10.432343 -46.844086 -2.870009 19.463440 -30.721285 1.205918 9.710550
-312.065186 166.897278 -82.179062 54.159500 11.841026 -20.530609 -10.142295 -45.715942 -19.801254 -38.320671 4.501760 17.976608 -31.932938 1.592262 13.475222
-293.285858 171.720779 -73.815063 32.329853 -8.675896 -17.951435 16.782503 -52.312481 -38.039242 -27.375835 -0.906982 27.020023 -34.676727 7.136451 4.563677
-297.277405 164.097351 -43.650570 16.746941 -39.040833 -25.110252 38.360832 -38.121704 -56.606091 -16.455261 -15.185710 39.990597 -41.564079 12.565113 5.891317
-310.136200 156.121506 -16.693050 18.319633 -55.387524 -42.370209 44.814728 -23.442852 -61.282387 -10.012629 -21.760124 40.149551 -48.239754 13.008233 5.763435
-323.590363 157.269470 -10.303106 32.344067 -43.714653 -55.952972 27.337646 -24.701591 -54.740768 2.052201 -20.671700 26.810850 -46.818558 15.814989 0.466099
-353.722992 164.340240 9.355765 44.294823 -34.692734 -61.214840 12.425423 -28.513344 -45.000153 9.233023 -12.252550 14.060362 -39.048874 19.125822 -7.925667
-418.834534 169.019775 37.990097 45.484398 -33.449890 -52.829552 2.735799 -32.573586 -40.406761 8.384923 0.856138 0.270116 -25.550018 13.077946 -14.857450
-511.427887 147.011475 61.977238 28.773373 -28.250206 -31.243477 0.448596 -23.884243 -37.772972 -3.699472 12.697870 -7.261387 -1.677528 0.407270 -24.039816
-484.549500 151.679169 82.043655 -22.837978 -50.755478 -20.414597 -14.275044 -25.913149 -35.803944 -24.754597 14.657922 -0.702658 -5.025373 -5.328361 -34.931877
-437.069061 171.461960 89.519806 -7.050518 -48.273693 -15.809430 -21.573978 -35.969994 -21.120314 -29.329277 4.930822 -2.038568 -19.000153 1.183899 -28.735243
-420.603027 177.504044 81.761292 2.620826 -54.976715 -26.302132 -12.496645 -39.002701 -25.794273 -19.626879 -17.491112 9.377178 -31.034725 3.457409 -13.117990
-406.505768 182.328903 63.292297 -9.212623 -64.670059 -34.416916 17.054760 -34.728912 -41.982445 -16.694382 -32.587700 19.833042 -28.558519 3.828557 -10.518425
-399.067200 191.047516 55.973007 -7.297315 -74.080643 -32.412743 26.107555 -33.637741 -44.928947 -19.380859 -35.353889 7.707079 -20.884193 7.711680 -14.181386
-407.737244 192.607117 50.431519 6.110112 -88.422676 -20.998634 39.006432 -46.168266 -50.803658 -27.921646 -30.233784 5.285256 -11.938515 10.415903 -11.206903
-398.904114 165.925903 58.064663 1.987193 -84.263718 13.853333 28.178560 -37.404785 -61.550148 -18.976131 -20.134806 7.462248 3.053272 5.368947 -2.573696
-339.008484 80.089569 68.459259 -14.408515 -32.091488 26.210552 -22.732071 -6.929909 -54.437752 -18.845154 -10.407291 10.908594 1.275134 -3.048267 -7.246664
-325.925232 16.879997 41.915146 -11.696667 -9.754889 23.786495 -39.693287 5.907255 -36.793411 -10.373375 -4.026577 2.742140 -9.534209 -3.709337 -9.178938
-346.829346 -0.549887 13.747516 -29.715807 -17.805714 19.040592 -45.165298 7.411852 -34.910721 -16.962172 -1.164553 -1.853484 -5.311497 -0.771766 -13.658280
-382.708252 59.769348 29.273506 -26.812763 -25.686699 25.958832 -34.218925 11.303394 -27.971359 -24.728916 -2.857965 -9.852434 -11.638628 -12.403728 -23.469360
-443.352234 151.338348 53.679871 -38.894821 -44.718941 27.749504 -2.262921 3.527221 -31.320854 -24.102570 1.156540 -5.894180 -16.323774 -19.160589 -18.306376
-484.934967 190.334717 43.016068 -43.224850 -40.613838 8.119354 15.703456 -6.129371 -31.073017 -16.832512 3.981418 -1.397146 -15.431240 -22.484051 -10.279984
-512.809570 180.472198 46.860992 -35.162132 -38.482773 -1.818049 13.255335 -11.683443 -29.006374 -15.775081 1.747909 4.574821 -10.481544 -25.225246 -17.356037
-536.100586 162.282547 54.107903 -18.866024 -29.699387 -2.249504 8.524618 -16.923672 -32.555859 -17.681858 0.121841 3.816311 -10.539719 -28.157852 -22.175732
-553.638550 148.799927 66.448608 11.055061 -5.975857 4.076372 5.229054 -20.002996 -32.535065 -19.052948 -8.197216 -6.937841 -14.445730 -25.107271 -18.058521
-575.159424 130.423492 72.835678 32.552155 10.660538 6.098922 -0.327352 -22.022959 -31.379345 -22.765079 -16.627525 -12.660555 -14.422991 -21.060333 -13.892729
-608.309509 97.649155 68.443985 44.440529 17.523609 2.365181 -4.193605 -18.516937 -23.633026 -17.646553 -17.734940 -16.486670 -15.086174 -20.045330 -16.032354
-629.385193 74.760681 60.524391 47.921909 24.213646 8.782778 1.975690 -12.573879 -18.962814 -17.830864 -23.671345 -22.172310 -16.137024 -18.318516 -13.978149
-651.363037 48.960449 41.636139 34.019009 18.682945 7.526386 0.157993 -11.438312 -16.604565 -17.588451 -22.088257 -20.147053 -15.538171 -15.541521 -10.866745
