city031_017
CHIYODA
32
-408.603485 -8.559624 -31.712139 19.497993 -41.880013 -5.619350 -24.054678 -4.828197 -16.632179 -33.871059 0.150047 -3.711498 -3.814525 -3.327125 -17.320122
-298.479187 -36.438118 -4.908352 10.283659 -43.506565 -2.719734 -22.648216 -7.582774 -21.467060 -31.570465 -7.219892 -3.590851 -7.468344 1.004169 -18.537598
-288.798981 -68.324310 10.699052 16.627846 -45.476212 -4.607633 -21.248699 -8.176580 -23.112869 -32.186192 -10.874434 -2.745955 -10.493311 0.389708 -20.706406
-302.230255 -65.335304 37.060097 51.043961 -29.093155 -1.790416 -19.097403 -0.247730 -22.070366 -25.216175 -17.215593 0.761493 -14.364277 -2.639101 -20.938103
-295.925354 3.665333 73.925858 81.530670 -14.343262 -6.749763 -33.010597 -5.789485 -31.379274 -31.313650 -18.454456 10.332575 -13.762639 -3.983005 -17.820061
-310.838715 67.920700 63.172829 99.474075 -9.431133 -31.227131 -38.881630 4.837409 -21.200741 -47.068260 -23.957224 9.264631 -14.951859 -9.820330 -17.891230
-317.686432 97.687675 28.334429 119.315407 -18.678654 -53.983852 -23.692707 -0.400365 -18.211845 -48.979336 -28.402882 11.858041 -10.230310 -14.241381 -24.452713
-336.689087 109.602295 11.862758 121.108734 -21.443993 -67.143219 -10.785894 -9.695507 -17.481852 -47.880562 -29.680788 22.752338 -11.998394 -5.405171 -28.053371
-346.361786 116.903412 15.807062 125.433128 -12.854773 -72.764984 -8.144685 -12.575489 -8.566484 -44.972290 -23.741558 22.990208 -8.447186 1.567391 -23.753799
-349.794952 117.091682 14.985167 133.232239 -5.282232 -69.658585 -7.544898 -8.976704 -9.434625 -38.604412 -18.674187 19.697365 -7.788793 -1.755035 -17.446898
-360.566864 119.339439 9.189241 123.599190 -0.713295 -59.892590 -7.541535 -0.344125 -15.034786 -37.596939 -18.652657 17.216543 -10.043299 -0.030307 -12.555653
-358.256226 120.082649 -0.589019 109.306931 9.623835 -60.811493 -17.597054 5.381914 -12.951286 -40.733536 -16.909895 8.515372 -6.521077 -4.876340 -15.373697
-329.531403 137.458313 -29.294878 75.734299 27.676994 -35.700462 -32.717628 -11.409568 -9.697461 -41.859734 -7.072039 3.086106 -12.637074 -1.835824 -4.587009
-322.165100 159.854492 -45.322090 35.560295 26.276247 -11.635158 -35.060387 -21.120956 -15.114182 -53.080322 2.705429 14.569066 -24.912424 0.445652 4.893391
-327.919373 180.208694 -40.855247 17.837074 0.595317 -9.276237 -18.357277 -18.081718 -24.066162 -53.259792 4.890871 14.866918 -27.870502 3.773331 8.586357
-341.426300 188.468262 -21.425245 20.515554 -21.430317 -20.479237 -7.947533 -6.722132 -17.543423 -46.198959 -0.191463 3.895675 -22.305187 1.414382 0.567831
-365.018311 187.729797 -1.374383 28.912920 -30.979939 -37.690567 0.399721 -3.113917 -16.316769 -32.600163 -3.066330 -3.373659 -23.787624 0.143379 -0.603663
-382.214478 182.965240 10.720388 44.378311 -29.468819 -47.139381 14.371075 -4.961872 -30.519609 -20.536306 2.164686 -1.668757 -16.534245 -4.430669 -0.301580
-376.893921 181.975449 2.426329 45.506523 -27.856205 -43.294548 28.467369 -11.992412 -43.472450 -18.785030 -4.977120 6.994845 4.233582 -8.465942 -3.999519
-354.281799 175.227997 -12.383902 49.765209 -30.041470 -21.267792 32.197006 -33.938412 -47.651211 -30.143385 -13.124053 9.034973 4.228675 -3.713768 -6.789320
-356.702271 182.106918 1.465853 52.138042 -20.332684 -1.791923 27.665836 -44.911575 -46.340843 -30.729710 -9.814936 10.826078 -1.342401 -7.723687 -11.272114
-382.660950 174.123596 26.118011 35.086571 -19.444933 18.653608 4.534459 -30.316128 -38.148682 -25.525684 1.069934 -3.997328 3.260610 -18.764626 -12.873338
-328.537415 164.019440 4.960987 37.186996 -38.611404 4.431798 -7.724707 -20.280479 -44.497093 -20.557241 0.542733 -2.100627 13.837141 -23.701298 -12.575393
-296.157501 171.096100 -12.040874 26.781559 -54.412098 -14.554648 1.229950 -13.841867 -41.449486 -10.537374 -3.900821 4.636680 10.207954 -17.330235 -6.533801
-296.487366 183.689987 -30.132492 11.956125 -60.360863 -33.871666 21.970505 1.206769 -36.589626 -3.381478 -4.598924 16.999985 0.414327 -18.481785 -0.815578
-291.458282 192.199677 -31.914656 8.829369 -61.569183 -40.569260 25.251699 5.562568 -46.267708 -10.828119 -6.595816 23.021481 0.347162 -24.457035 -0.836859
-273.721497 202.980240 -38.088539 4.080255 -58.774040 -37.471886 14.409900 -8.121919 -47.753830 -12.622005 -11.713322 19.781380 3.203054 -16.272570 -7.305959
-311.227966 198.621887 -29.832821 -0.367708 -52.684837 -38.295471 8.241373 -12.895342 -39.692200 -14.017438 -7.783930 17.904186 4.489492 -10.688789 -16.073427
-416.100403 178.821655 -8.970198 -23.044994 -41.384815 -36.505211 3.618458 -13.079706 -29.659222 -14.252989 2.854762 9.872767 0.885879 -6.510858 -22.191099
-492.830292 128.393677 4.768179 -14.076374 -28.982597 -29.487522 -18.428520 -18.274652 -18.742599 -23.112556 0.973078 14.847448 -15.610418 -16.835798 -6.946068
-493.741028 80.353439 -11.817686 30.466732 -19.321148 -30.654732 -39.208038 -22.931438 -2.136156 -36.021717 9.738274 19.268181 -26.292900 -7.249918 -13.463640
-520.265015 52.320576 -15.656854 38.473900 -13.471389 -25.110994 -38.470032 -19.365231 2.939574 -36.412533 10.547595 17.785805 -22.021023 2.568309 -13.885514
