city031_054
DATE
21
-657.141602 55.159481 47.574055 38.778435 23.182657 10.513035 1.370306 -10.227817 -15.845654 -16.842222 -20.051785 -18.468615 -14.871908 -15.811015 -14.124664
-600.504883 121.906685 92.424545 63.215260 22.474697 -4.150769 -13.979570 -26.675114 -25.712696 -15.798641 -17.770109 -14.440550 -8.442648 -16.272997 -17.850449
-467.137238 147.102386 39.768803 19.287788 10.598777 13.575478 -16.815712 13.389503 -35.675827 -36.418201 -15.369320 -3.023276 -0.824663 -27.037588 -23.457615
-317.374878 133.771851 -7.801967 8.509783 -27.749865 7.114716 -31.219177 -0.131640 -46.065426 -9.311588 -11.131531 2.116177 -0.770904 -0.819180 -19.244328
-244.912201 147.796127 -32.268509 -4.367738 -56.197796 4.299742 -23.091719 -12.569678 -46.175034 -0.352643 -5.642072 8.832794 -12.317422 5.230741 -19.396523
-230.522522 162.800385 -46.694794 -10.607912 -66.460251 -4.577811 -0.748469 -14.971260 -42.327152 7.854562 -6.318219 21.358166 -28.616779 5.545106 -24.896461
-260.451416 169.153534 -47.879875 -6.336727 -66.534554 -18.602100 26.545761 -14.349424 -37.006439 12.339094 -11.027195 32.903496 -38.599934 0.888930 -22.376301
-300.754242 177.643036 -25.467264 5.322402 -74.084274 -27.621340 46.152687 -14.129816 -47.564953 -4.101822 2.570946 44.927620 -41.052643 -7.293074 -13.053930
-345.970642 186.500916 -9.205822 11.545366 -61.884880 -22.405756 40.251854 -21.928223 -48.652119 -10.595616 14.988856 30.009565 -35.313442 -5.187312 -13.196795
-429.413452 168.466370 10.699478 7.358862 -41.067001 -15.774471 23.563110 -24.962402 -43.503845 -7.221231 13.557528 11.327415 -24.886162 -1.251234 -16.203388
-543.279236 127.683548 20.520901 -3.000301 -25.017668 -11.008230 6.622496 -25.227634 -29.644810 4.618276 13.018000 -4.840228 -8.175408 -4.447930 -8.076397
-497.646240 99.589798 -12.538016 -13.951163 -19.268604 -23.534058 -22.801853 8.079137 -29.145149 -26.443909 -6.207032 6.733539 -15.129982 -14.291590 -17.667662
-345.002319 109.985924 -11.745188 16.737225 -11.310547 -20.653151 -32.408073 8.513146 -44.384377 -27.352768 -13.186830 1.483479 -4.230864 -2.311567 -30.142960
-267.754272 116.245491 -26.854488 57.821976 -15.582014 -24.662193 -29.602776 -4.417156 -39.565834 -28.863831 -20.732307 5.274412 -1.212035 0.697136 -34.262218
-265.001587 120.683357 -50.983559 83.115463 -28.543772 -35.027859 -22.556475 -17.685814 -22.332176 -31.434624 -24.664766 13.604181 -10.894451 13.891134 -33.362358
-268.322052 123.403717 -67.885315 86.630531 -27.790102 -44.049850 -17.827339 -28.266710 -15.687169 -38.463371 -25.762512 27.980698 -15.392906 24.161451 -37.257561
-271.326599 131.181564 -73.569748 85.795692 -27.377018 -48.454605 -20.437359 -32.722717 -16.377949 -46.044376 -23.013464 29.581272 -15.360642 21.621626 -38.319481
-316.312561 132.740295 -68.972580 80.608986 -30.871906 -47.810440 -28.821348 -37.636219 -14.749218 -55.460537 -11.650272 19.489901 -6.871088 16.313692 -37.035591
-418.942322 105.996124 -49.526249 60.814529 -26.450306 -41.410873 -33.632179 -35.559929 -16.655918 -50.794922 -11.178697 7.105568 2.216947 9.473999 -31.310722
-559.545471 74.330673 -7.488603 29.811581 -12.870554 -39.262669 -32.615963 -18.170473 -17.694107 -35.903084 -15.353102 -2.014092 7.468580 -2.680604 -27.172173
-656.773499 43.200165 24.898895 21.655064 2.159999 -19.415854 -22.418964 -22.898989 -23.306614 -20.885315 -18.068050 -7.050366 -0.276974 -8.004663 -5.205664
