city031_093
JOOETSU
26
-439.799744 83.709740 -14.310223 32.211269 -13.614824 -32.281860 19.247129 2.675893 -27.466637 12.886642 -27.792206 15.361942 -0.874533 -7.660163 -1.562850
-290.915253 35.099087 -18.492588 37.759811 -29.520615 -33.361427 -2.720518 -3.428735 -40.541801 2.407686 -32.228535 7.777423 -12.948183 0.818971 -10.855091
-240.084930 39.540169 -3.841734 53.475990 -18.204155 -30.791256 -16.383486 -11.238306 -43.121811 -8.294351 -38.664692 -0.907786 -16.755556 3.760985 -15.666401
-234.427475 89.391602 -7.430573 40.439938 -15.665232 -30.181271 -27.766375 -11.309547 -42.109299 -19.671238 -37.809265 9.766586 -11.339708 0.976831 -19.266804
-289.789368 152.815735 -12.758150 15.753866 -7.521360 -29.854053 -24.353664 -4.631403 -31.693214 -33.072258 -38.270721 14.497086 -7.980383 -4.253345 -12.732769
-353.855225 195.160736 -2.417486 16.295759 -8.045916 -38.567997 -11.997097 5.531899 -21.903374 -36.194153 -35.764244 2.958858 -10.213319 -9.118682 -8.093523
-395.533875 225.564865 25.628517 0.778751 -13.144738 -49.568466 -20.065334 14.427464 -14.851780 -45.709270 -22.884346 -3.502910 -17.675608 -15.349291 -3.021543
-414.406647 228.173096 46.468666 -4.737238 -24.472309 -51.995285 -22.790836 15.158276 -17.170261 -47.440842 -11.481476 3.571881 -22.115044 -15.176712 -1.977949
-416.545868 219.623444 42.448593 -7.729786 -38.374058 -49.868809 -13.367916 4.742140 -21.776510 -33.873131 -3.648378 -0.230143 -23.043907 -10.092930 -2.236142
-391.073364 229.969879 17.861416 -27.822395 -30.561623 -37.531776 -6.464972 8.354105 -25.989689 -37.034653 -1.587373 5.137249 -17.466431 -0.659281 4.784476
-341.527588 217.152527 -45.967583 -31.108423 11.548773 -44.544456 -27.814823 8.096401 -29.706390 -36.491302 -12.336851 10.279449 -11.605356 10.905256 -0.002897
-309.866119 198.667877 -75.128517 -1.902657 13.934589 -67.735977 -44.569496 -8.510724 -37.770828 -31.745937 -16.583569 -6.372993 -5.141898 12.106546 -16.871494
-312.920563 195.377136 -63.633385 28.882719 13.663867 -71.441650 -54.968407 -6.563443 -26.680658 -30.999432 -10.565239 -25.958870 7.551299 11.526422 -22.755718
-326.864288 189.201645 -34.096581 23.796997 20.108183 -65.248299 -61.682133 7.713061 -31.129253 -30.208481 -10.693114 -29.450966 13.649512 15.479391 -30.599640
-356.062439 166.785172 -16.007923 30.578442 30.384445 -56.252995 -51.210083 10.145494 -31.835266 -22.043442 -21.156210 -28.400982 15.657378 13.959412 -30.780361
-432.450073 141.973511 0.871714 45.922226 34.119171 -49.103195 -40.046913 0.493299 -27.751661 -24.116362 -27.484562 -20.059456 17.596268 7.346454 -28.535133
-525.403137 78.057831 46.047657 32.033546 18.014784 -30.352808 -44.925919 2.450844 -27.653164 -13.843964 -29.299786 -4.573086 8.814554 -6.036421 -28.924122
-498.393127 -13.221466 80.528183 16.214272 3.669960 -23.941086 -61.341183 13.030725 -39.268921 -30.173798 -7.732178 -4.308943 -14.712887 3.885925 -16.173697
-439.129700 -20.882435 84.835838 33.166813 6.491243 -26.488150 -47.640785 16.923975 -40.108570 -25.352283 -12.330991 -16.557863 -8.508572 -1.222609 -27.806194
-371.435059 44.135593 88.592697 40.520042 13.258305 -20.369764 -48.940125 -0.003357 -33.853340 -13.146833 -22.154613 -31.045856 -1.243921 7.783064 -25.999044
-354.538208 99.876762 66.561729 28.407532 13.061411 -17.837646 -48.940956 -0.655625 -34.984520 -3.612257 -17.883144 -41.507950 -2.675301 12.941763 -25.603321
-377.607391 144.402115 36.630539 26.893295 17.816811 -12.886705 -52.862835 2.479606 -35.666077 -3.277699 -3.406945 -49.039291 1.428122 11.407829 -28.322535
-421.305298 162.617950 13.359947 35.189323 22.347704 -17.047775 -45.924980 -13.279631 -29.053383 -12.329385 -1.238434 -47.170708 -0.022754 10.768679 -23.747793
-482.232330 149.197083 26.826412 28.666119 18.715319 -26.833351 -39.896431 -24.468357 -22.169807 -8.505013 -13.295223 -38.009350 -6.797650 7.220185 -18.369522
-569.095947 105.605255 53.193062 22.719658 -0.985474 -25.893822 -35.862236 -29.560677 -16.885321 -10.368880 -18.297989 -24.690681 -13.202360 -1.875734 -7.439312
-624.967773 52.598267 38.778236 20.775078 3.662505 -8.958630 -16.025995 -18.654070 -18.819725 -18.036758 -16.781902 -14.808742 -11.885954 -8.315713 -4.882036
