city031_095
BYURETTO
27
-626.149231 22.173244 19.799538 16.084587 11.362633 6.049901 0.600571 -4.540070 -8.979753 -12.415637 -14.659023 -15.646236 -15.434998 -14.187716 -12.144526
-508.395569 111.671570 47.118790 83.830154 47.040916 -31.296947 -13.289189 11.316788 -20.640900 -25.618256 -6.640787 -12.997194 -18.956654 -12.467480 -13.272314
-404.303101 141.196503 8.567429 109.763519 45.858631 -60.037346 -21.076801 10.169945 -13.210391 -16.779446 -16.830269 -13.973456 -3.754146 -12.490987 -12.350977
-363.589691 152.481201 -15.676811 105.886787 47.370419 -62.688503 -26.059395 3.773374 -10.354351 -8.806601 -21.631306 -12.535325 6.537977 -13.412235 -7.533432
-323.183990 171.185120 -53.526154 68.700981 54.364033 -48.929474 -31.258198 -7.307427 -11.180169 -5.688208 -26.182961 -10.972448 5.681986 -16.661213 6.991455
-297.557953 181.746185 -61.053917 29.700996 51.970188 -45.306808 -36.045551 -23.782635 -12.504395 -16.846060 -24.961359 -3.265186 0.132298 -25.261086 8.990442
-295.514832 173.266312 -71.910240 28.567989 45.298191 -62.473480 -25.054192 -30.990158 -20.520395 -11.537359 -22.440567 -4.365621 0.006291 -20.909725 0.692660
-285.680573 180.776886 -96.151749 31.402973 37.356033 -76.066521 -28.893995 -23.235508 -24.989227 -1.856967 -18.859161 -14.347065 6.461778 -7.381303 0.244473
-248.913132 195.944824 -106.305496 37.080078 18.151127 -73.810654 -35.275703 -23.358656 -16.931210 4.762798 -18.294281 -17.424763 9.160152 -1.502162 -0.413985
-226.254333 194.590347 -96.747513 32.474991 8.295991 -61.197189 -40.276947 -23.408688 -11.242043 -2.215550 -23.093561 -9.567603 5.056132 11.231875 -9.662411
-233.519989 178.009155 -72.629593 19.579464 16.649754 -44.636673 -48.293785 -19.288610 -11.803031 -7.830483 -23.071083 -2.616338 -4.757336 26.069962 -29.918098
-294.595978 170.012085 -36.501564 19.839951 33.696541 -36.006729 -52.173164 -13.518414 -19.723429 -10.593260 -13.164812 -12.049605 -4.265696 30.778805 -40.227764
-406.857605 160.273636 -0.563441 25.756798 37.753059 -32.726624 -41.560699 -11.532267 -14.845247 -10.654062 -18.067913 -16.810328 6.127090 19.028423 -21.293457
-513.588318 109.733948 18.422359 23.179890 27.799629 -22.066967 -44.387749 -16.079514 3.646897 -7.977221 -20.946007 -9.442123 6.212916 -2.396860 -13.683302
-588.323120 56.056385 24.167301 14.712127 8.574453 -18.223919 -39.820877 -27.740379 -6.346442 -8.511061 -18.276026 -8.003641 6.753446 -0.870664 -16.678349
-616.092163 33.217377 23.399311 11.480009 -0.725446 -11.944267 -19.215454 -20.262661 -16.695986 -12.000963 -7.515635 -3.018953 0.214810 0.386026 -1.498126
-628.830383 17.623306 13.202578 6.776345 -0.460892 -7.216859 -12.366536 -15.164663 -15.360402 -13.196301 -9.303591 -4.529951 0.252019 4.309453 7.154514
-631.335327 14.491634 11.187681 6.272266 0.524894 -5.157145 -9.909244 -13.040432 -14.140327 -13.134647 -10.281773 -6.113949 -1.336243 3.296890 7.105043
-449.852570 40.204651 -2.614397 63.787704 -56.516445 -31.136045 -22.854452 -8.478581 -12.019995 -34.995888 -7.943647 -2.134238 -4.056966 -15.709339 -9.151087
-269.543182 92.361221 -7.712717 42.363213 -65.594345 -16.302502 -25.042341 -10.320694 -32.879959 -34.415176 -13.471617 6.310288 0.365262 -9.891851 -13.800852
-218.774002 124.811371 -3.824984 21.872574 -70.756142 -23.444702 -23.031137 -3.863292 -37.623867 -29.172844 -17.432276 7.640958 4.057654 -3.606752 -16.409515
-252.536072 147.683731 -3.628227 11.144856 -74.182068 -36.191345 -22.933174 5.559786 -38.394413 -26.608599 -20.638691 8.014653 9.789596 -0.710081 -17.471104
-334.052338 163.949982 9.422697 12.491736 -80.883720 -54.284950 -12.399510 8.426560 -29.397198 -34.140984 -15.142017 7.381575 13.397635 -7.215694 -18.550949
-421.800323 190.088867 48.274006 -2.099992 -66.850876 -64.744003 -6.450167 2.411987 -25.881680 -27.117186 -7.760792 -6.955437 0.156708 1.065191 -14.361235
-478.286682 172.334961 65.820404 -9.912351 -57.801682 -57.935349 -17.341915 -9.135482 -27.695448 -17.790436 -7.215475 -15.247714 -5.234027 5.268452 -7.535417
-549.146851 108.372177 52.016533 -5.686727 -38.878181 -42.698616 -30.838549 -20.188120 -17.157932 -17.057102 -13.535830 -6.083560 0.581649 2.038891 -1.503597
-599.583374 53.476486 34.782425 10.935631 -10.627560 -24.530933 -29.093929 -26.026165 -18.781313 -10.736039 -4.109421 0.178819 2.108768 2.129437 0.923062
