city031_019
TENRYUU
30
-355.157410 31.097094 0.493694 -4.472416 -52.796135 -20.427109 -53.348633 -15.400858 -30.850201 -25.364986 -3.216702 4.937483 -17.111534 7.439002 3.990751
-212.413208 27.444229 -0.327129 10.732551 -51.095932 -19.201002 -48.370831 -16.404572 -30.454651 -18.416229 -9.723791 2.983025 -17.631969 6.763836 -2.945879
-152.767563 51.795830 3.521993 50.835526 -23.629196 -24.847019 -47.524940 -17.508835 -20.634140 -23.149849 -16.004881 0.437375 -15.256063 0.893512 -14.117909
-119.414230 95.662766 -32.645634 88.120758 -16.670565 -49.831322 -46.936058 -32.059856 -0.238047 -26.559414 -18.086016 6.037060 -19.603130 6.380195 -9.967268
-129.690521 127.291664 -68.815613 89.784988 -19.087975 -71.668320 -21.524597 -41.470016 14.192797 -20.810863 -30.451754 23.254688 -34.860271 22.635542 -13.412006
-172.739838 123.794327 -68.684952 76.923019 -14.881947 -71.712410 -10.160288 -32.248253 15.699145 -12.255617 -37.346397 25.579872 -35.088726 18.852123 -11.815155
-232.678436 119.969620 -50.659225 71.972214 -4.695662 -65.631317 -22.131399 -24.327995 14.621612 -7.955565 -29.562286 18.949488 -19.427956 12.900517 -7.553294
-269.415375 123.391083 -43.960861 65.692894 -0.162936 -55.956139 -32.126518 -15.679361 7.904414 -9.463274 -24.338696 7.582962 -12.077291 5.022459 -2.543992
-293.360596 116.482903 -32.114311 83.530136 6.823321 -39.284111 -15.948798 -13.075783 4.442329 -1.379700 -28.307796 -7.783594 -3.169442 -1.041599 2.062424
-300.009888 102.424347 -26.843769 100.308472 8.981220 -37.008236 -9.523191 -12.203007 -3.252919 9.221825 -28.243454 -11.790195 2.879194 -6.082208 5.158915
-318.918518 85.175201 -13.465307 115.408508 18.483009 -36.672325 -18.509048 -23.104160 -16.869076 9.934734 -28.165621 -9.340640 5.895749 -7.545103 -2.575905
-337.768341 77.391251 0.333209 121.079239 27.436733 -23.826305 -20.204147 -34.191833 -35.151619 0.435290 -25.612844 -7.683573 14.325167 1.729341 -3.169475
-358.934937 81.575272 15.332661 115.619705 31.027285 -18.393238 -22.079315 -30.916023 -39.085960 -8.149090 -21.423409 -6.993064 21.032959 8.299864 -3.833469
-383.234344 96.234970 27.034103 99.778381 37.491943 -18.541460 -29.773825 -33.839920 -39.545082 -9.787623 -15.355427 -5.169930 15.371162 8.693840 -2.286233
-391.960724 132.232910 35.533485 78.783951 34.633179 -29.321466 -30.892672 -28.211939 -22.412802 -2.669403 -8.924234 -7.327303 1.605192 5.989431 -1.967342
-304.738861 129.819305 -8.690926 99.040604 -1.599038 -38.189224 -14.753939 -17.288891 0.458369 -20.661707 -13.922884 -2.328471 -12.941327 0.194515 -5.071332
-260.247101 116.317062 -32.753677 118.375633 -7.619708 -47.323189 -18.147362 -10.669324 -1.638998 -28.455956 -21.602606 1.698046 -12.480417 -9.420104 -1.441481
-266.602814 113.058609 -39.616646 133.946548 4.205721 -62.356846 -17.473705 -11.772108 2.470263 -30.179047 -28.716118 5.675841 -12.705015 -1.898980 8.962002
-282.355530 123.417130 -46.358875 130.567108 28.367315 -69.951370 -16.106884 -14.397556 1.557203 -34.741211 -43.959110 9.028302 -14.622906 2.573410 21.824266
-273.374329 130.667816 -57.460243 109.611778 31.365011 -57.396507 -28.462124 -20.007324 9.746078 -42.339539 -43.761139 16.072313 -23.803917 -1.828961 17.885717
-262.791992 137.000488 -65.346001 93.105270 27.147274 -48.807461 -37.211800 -29.020004 13.518684 -44.500084 -40.939880 14.451756 -32.282364 6.361937 18.395332
-257.191528 139.827179 -64.174576 91.999382 22.993896 -47.607880 -41.575821 -35.829391 15.583788 -38.634262 -36.227966 7.277398 -38.064411 14.948427 18.659424
-265.544159 131.505035 -58.157692 93.672241 26.792097 -50.291023 -46.555504 -37.637360 24.312241 -32.146008 -28.843668 3.754768 -42.369614 17.179693 18.053604
-273.326599 131.925751 -51.943405 75.613319 28.168625 -49.572876 -44.241077 -29.786369 32.310390 -29.896152 -20.706646 3.995049 -40.901337 20.675068 10.098009
-280.627380 137.245636 -41.543045 59.253559 26.552217 -45.441959 -40.608891 -23.959249 24.488400 -32.586922 -13.873705 3.635708 -37.700054 28.414721 6.670722
-282.215515 139.864685 -45.996922 49.224602 21.907169 -39.612076 -45.542160 -30.618660 11.160812 -34.501503 -12.290257 5.110041 -29.064480 29.175615 7.791601
-298.764191 144.626648 -48.104595 42.307487 16.179180 -33.478806 -53.667320 -38.869171 3.619685 -36.839195 -17.811846 3.706304 -26.805664 30.766575 2.398790
-361.231445 123.240471 -30.439291 31.910603 13.421590 -31.509916 -51.976013 -36.650253 -1.456637 -31.064596 -18.108244 -4.019604 -21.291641 26.267317 -3.697900
-477.387299 78.356979 9.756754 17.206100 4.873615 -23.716686 -46.239002 -38.390793 -7.146309 -11.962452 -21.128983 -14.158611 -2.601019 15.439226 -9.475892
-545.853821 41.377632 25.803036 15.143372 2.875275 -12.149908 -25.630129 -26.840151 -18.042698 -14.498919 -12.955824 -6.696903 1.566284 6.717165 2.855344
