city031_014
SENJU
27
-413.927368 -52.162231 -21.372608 -0.630319 -45.722225 -33.854225 -17.610266 34.484425 -23.974430 -10.190677 -9.821319 3.552919 24.154278 -2.530137 -0.021829
-352.867157 -64.909348 -21.498192 -9.448943 -47.946598 -29.444099 -27.105110 27.165936 -27.302275 -10.283919 -9.508596 4.623816 17.172009 -9.602720 -5.902140
-289.539886 19.007790 35.602112 28.733990 -20.921139 -16.546124 -37.176365 6.067811 -43.072643 -29.258537 -25.561401 -8.996398 12.384340 -10.168333 -14.186815
-249.418777 96.761658 16.850704 44.976192 -11.162330 -34.330872 -45.054447 -4.203465 -35.460365 -26.589556 -22.765102 -8.361186 16.742447 -3.307585 -26.430824
-228.614578 137.862900 -25.732754 61.913063 -24.067974 -45.207657 -30.960337 -15.234121 -20.677567 -26.762764 -25.464371 0.768196 10.872441 -1.179332 -25.785919
-250.267502 141.706528 -52.165962 68.123833 -29.709724 -47.868946 -18.945065 -25.764427 -9.225582 -28.229092 -22.400932 12.671110 4.081998 7.097522 -29.724226
-278.063416 133.426926 -61.023590 71.844353 -18.006325 -48.998383 -3.557937 -29.329346 1.298275 -32.435566 -20.441048 17.429071 -5.351252 17.961313 -35.451012
-302.296265 128.359634 -46.315968 69.817764 -14.768272 -47.559883 -0.542005 -25.657600 -3.855240 -35.146912 -24.916687 14.068729 -11.000210 14.490688 -40.534908
-312.457855 130.430450 -28.995167 61.901749 -15.539152 -51.860458 1.676962 -13.188874 -14.592201 -40.068794 -26.127499 19.472679 -12.382797 14.609733 -48.829460
-310.015228 132.643585 -20.664455 58.779270 -14.025297 -46.837040 -6.318103 -3.363556 -26.759853 -44.929230 -20.018967 12.444540 -12.377522 17.499119 -55.377869
-308.253967 128.744949 -24.720749 66.578613 -12.342478 -40.037277 -3.308663 -10.968061 -29.314766 -33.972118 -14.958927 -1.311634 -15.490313 22.951595 -48.569710
-311.987030 130.297424 -30.991507 83.128937 -3.724089 -39.336346 2.899136 -20.454136 -22.753601 -26.151226 -16.242596 1.994117 -12.956776 20.263306 -37.190872
-325.886353 128.520050 -34.764618 98.912445 -2.116559 -45.619385 4.780506 -22.107552 -15.025850 -19.565041 -18.777580 2.495796 -4.984442 20.040382 -19.526424
-337.196198 120.445694 -35.484291 102.399475 0.710595 -50.715034 4.325699 -22.438316 -10.029476 -11.836248 -23.599297 3.026255 -0.159002 22.686768 -15.426678
-350.756989 118.262100 -28.779585 96.105728 8.414820 -50.497124 7.329754 -23.433754 -14.714945 -2.144781 -28.243462 1.274549 -0.464084 17.913273 -15.193768
-350.854523 132.704407 -19.691925 75.851700 15.220337 -50.441799 11.797503 -15.714474 -30.147289 5.300009 -34.918678 -2.048295 5.484348 12.954164 -17.488186
-298.438812 104.980118 -3.474666 68.743553 -6.929081 -19.401295 4.124061 -18.664047 -20.314274 -14.348950 -27.483055 -2.120974 3.285748 5.460342 -18.586155
-250.709137 52.021561 9.523277 66.170097 -12.298447 -18.304304 2.531775 -19.714485 -20.785322 -19.819862 -24.593979 -1.406451 1.777058 -6.193373 -12.918595
-232.232605 48.609592 7.165142 71.969040 -6.459640 -32.691216 -13.253094 -18.468323 -21.250591 -19.979111 -22.417465 -3.984044 1.795818 -5.141740 -17.673317
-245.570267 84.364151 -10.133463 79.683685 -1.122276 -48.258911 -28.665791 -15.564721 -15.817608 -17.908417 -17.618225 -11.046968 2.408980 1.634174 -17.307688
-276.681030 127.757889 -31.791595 85.964645 0.908944 -54.565331 -29.291759 -17.968298 -12.122355 -20.542858 -20.054823 -11.889248 -0.321903 2.296026 -12.143197
-294.935333 166.936493 -46.540276 87.628342 -1.844995 -60.730423 -26.828056 -36.682251 -6.933725 -31.374741 -33.223824 -2.478449 -9.779911 10.141525 2.575071
-322.589172 162.597961 -37.957306 81.214142 2.343234 -55.240238 -31.291960 -41.559830 -10.472914 -35.696159 -40.840469 -2.679191 -9.973425 13.296309 9.499153
-409.098022 131.429443 -19.223476 59.701504 13.319625 -41.468002 -37.957245 -42.170860 -14.833884 -29.684412 -35.360298 -4.663661 -10.338854 6.690844 9.235638
-507.558258 93.732246 2.934411 35.107849 16.331678 -32.310848 -39.779518 -34.105530 -23.009468 -25.957413 -27.321663 -16.207966 -14.889364 -0.413979 2.524807
-574.853699 72.571503 38.555389 37.221680 23.916683 -12.787388 -29.629211 -27.578163 -30.186619 -27.805809 -21.278790 -22.981819 -15.833204 1.165549 -2.247805
-603.847839 55.302464 44.469391 29.482658 12.862423 -3.064451 -15.680538 -22.944475 -24.761833 -22.656816 -18.149971 -12.240068 -6.243126 -1.832199 0.261309
