city031_091
JARI
18
-620.990295 40.810867 32.262489 19.743149 4.971586 -8.834812 -20.200981 -27.682951 -30.061634 -28.475906 -23.503395 -16.322809 -9.183493 -2.574871 2.497269
-579.904785 94.368011 72.951614 43.467903 12.936243 -12.372772 -28.631041 -35.053913 -33.418682 -26.929729 -18.976837 -12.185635 -7.918017 -6.208837 -6.064046
-538.462524 114.942596 77.339386 65.298004 7.096282 -15.619338 -5.835005 -23.891352 -24.116215 -19.400368 -25.759018 -12.900732 -8.374778 -11.249084 -6.046995
-365.535950 39.523689 20.610928 83.553116 -35.354061 -14.377411 20.036190 19.183834 -18.550064 -27.795403 -39.282059 0.546748 -9.940355 -10.908457 -22.008612
-272.266479 30.180420 6.795581 72.842575 -37.601410 -31.813831 -10.222422 -7.173321 -22.375032 -13.211708 -37.748230 -7.787489 -3.216270 7.620341 -19.118105
-227.226288 76.119690 -9.072433 57.815407 -26.947905 -38.104378 -32.400967 -22.005213 -15.604925 3.568581 -30.501873 -16.670677 -7.367596 11.037647 -14.903166
-231.909210 137.480988 -44.538544 28.499954 -26.498955 -44.919029 -40.064137 -18.640427 -10.245178 3.187540 -18.472410 -14.756999 -8.566998 9.477929 -15.609951
-254.253265 159.573257 -72.766113 23.718365 -25.055031 -48.042252 -40.135822 -13.186081 -8.974482 10.610786 -15.805985 -15.640343 -2.900801 6.446454 -9.471794
-268.223724 163.301926 -87.972511 21.423592 -14.076439 -47.148026 -31.481236 -9.682641 -9.196283 11.445643 -15.417061 -15.174669 0.086094 2.142782 4.412616
-264.557098 175.196274 -91.965897 26.027393 -8.407252 -52.144642 -27.397980 -14.643664 -11.563292 12.678946 -15.794215 -18.193474 6.581038 1.647882 1.883541
-277.894196 161.773010 -74.649414 45.307114 -12.206974 -45.306679 -26.171688 -23.442888 -9.299541 7.126609 -19.614697 -15.082521 3.034606 9.917854 -4.499721
-272.515167 118.127647 -35.251747 65.168388 -10.022050 -34.433426 -38.735676 -12.615339 -17.186600 -9.539465 -32.978004 -10.957489 -7.476814 9.287155 -13.486964
-279.601562 93.935562 -8.596464 89.182411 -10.864935 -37.501106 -26.011211 -9.243450 -24.066929 -26.197544 -33.278046 -0.203102 -5.882084 9.432562 -14.706964
-314.031616 97.304916 6.041806 111.636047 -15.812334 -47.133286 -8.595683 -25.932388 -31.552921 -35.277241 -25.964165 2.679153 -13.335242 12.596626 -22.380821
-366.623108 107.231613 24.245209 119.355148 -23.442238 -59.227795 -2.954961 -34.361626 -30.605125 -34.537872 -17.056389 -7.496284 -29.175989 2.750345 -20.089338
-458.520081 105.577042 40.759148 107.833672 -24.339123 -63.074799 -7.199619 -30.493538 -32.118896 -25.026976 -17.684456 -14.848701 -30.349266 -6.308871 -3.077532
-553.657532 78.844650 48.285294 62.629894 -8.132024 -37.988327 -10.873355 -29.300217 -31.166206 -9.619492 -9.475696 -13.346714 -16.881046 -9.696884 -6.523827
-614.687805 46.113689 36.223736 26.560083 10.113899 -3.364161 -9.981936 -15.625806 -18.059481 -17.500000 -15.903708 -14.554182 -15.733931 -14.057224 -10.620493
