city031_082
MYAKUHAKU
27
-570.965210 53.151978 48.940037 80.292526 -1.707239 -13.902870 -9.670582 -28.156174 -34.182831 -20.910450 -15.530161 -15.763103 -6.202919 -9.634965 -14.107453
-457.642822 104.132431 43.846291 88.363167 0.898064 -17.768986 -15.945417 -28.034836 -35.121925 -32.148552 -20.308624 8.886293 -5.073632 -23.068100 -17.978085
-395.892609 143.601486 8.812386 72.516319 2.293152 -24.036968 -11.630529 -27.168444 -27.455154 -34.772484 -27.668789 19.054861 -11.495949 -28.981922 -10.167376
-340.341797 164.641937 -48.233803 65.334648 10.564550 -28.742237 -16.642801 -17.487690 -15.912241 -38.398438 -16.698933 17.720459 -8.224295 -24.211828 2.690766
-286.203461 162.103088 -84.912163 58.799862 1.512100 -22.782501 -21.253670 -19.564787 -20.897648 -30.204060 -0.489813 3.888250 -1.134461 -14.144464 -1.006009
-277.218079 160.373383 -93.788651 46.031925 -9.480211 -19.372526 -24.696049 -13.940766 -12.607486 -30.230724 5.995491 -2.665710 -1.873640 -9.141401 -7.557652
-310.471710 149.188889 -83.894127 32.906761 -9.419487 -2.815106 -25.222103 -11.748796 -4.750762 -35.641430 9.329418 -3.310182 -7.342271 -6.427241 -12.047335
-384.553986 129.529327 -66.451256 16.836021 -1.563962 5.950448 -20.684677 -16.883774 -6.397359 -30.143074 12.625856 0.083792 -13.936450 -0.287765 -8.439330
-382.020813 117.230896 -48.545776 -20.824135 -39.006283 10.699705 -30.633919 -27.081989 -26.999067 -37.077156 12.530859 -6.356070 -1.629826 -5.314815 -14.849557
-295.718964 70.163826 -60.199257 -17.581642 -38.347672 -0.620864 -32.710960 -34.021439 -41.471710 -30.944832 5.478611 -5.615306 -4.315533 -10.662437 -10.014673
-294.179962 46.520706 -64.089882 -10.669941 -30.280628 -3.457301 -29.578531 -30.776058 -43.867844 -27.569668 3.250088 -3.781048 -8.765504 -13.529022 -4.259036
-330.484283 55.461678 -63.617691 -14.763752 -43.484612 -3.937650 -22.654894 -23.485840 -37.257523 -24.408850 2.286359 1.308057 -11.654715 -15.750615 -0.637259
-335.902588 125.962280 -39.717461 -5.285430 -48.054455 3.239231 -9.940809 -14.805285 -32.879318 -30.253315 7.054418 15.590009 -17.000767 -24.525345 -0.722849
-281.190399 204.453873 -68.107590 -15.429252 -44.294769 -13.084975 -3.325561 -14.044592 -23.618677 -46.624561 14.097935 35.336636 -29.508228 -22.512825 -5.143936
-251.408142 210.304291 -85.237137 -15.688126 -43.303497 -27.592903 4.607114 -23.739227 -17.526752 -45.807373 9.140169 51.743549 -49.193066 -4.673068 -7.736078
-261.211853 192.038101 -78.441490 -7.843925 -45.411499 -25.323425 -0.303630 -24.696621 -11.505692 -52.285248 10.670692 54.002647 -54.139275 6.827789 -9.949612
-285.155060 181.027664 -60.909706 11.279022 -41.023388 -15.062334 1.195495 -26.177956 -20.292528 -70.156296 5.424953 44.703079 -45.408176 8.356018 -24.950445
-339.303192 177.536835 -35.495857 16.628967 -42.412048 -6.899162 5.243254 -26.240643 -27.284931 -71.944855 1.966179 24.973207 -34.639137 4.314382 -24.597103
-368.228271 135.375351 -32.212490 3.671628 -21.196613 23.119137 -29.602861 -10.150925 -35.593178 -36.180603 14.679474 -26.636520 -2.692512 -8.536384 -12.363146
-316.464294 121.807510 -52.057186 3.484088 -17.017296 16.415579 -49.353100 0.353536 -38.680656 -29.988834 23.239090 -44.134552 17.244698 -0.732071 -0.790292
-294.914612 145.637604 -35.474632 23.449711 -8.497723 8.644512 -53.708237 -0.078434 -42.563988 -44.332428 27.889069 -35.874134 9.797482 7.823294 1.542839
-303.541779 160.302338 -50.966721 45.155617 -3.094748 -3.539954 -42.371399 -17.094809 -32.582703 -55.797043 24.239336 -15.171576 -8.887114 23.012350 -8.376654
-315.814789 159.443848 -60.548119 58.187332 3.096897 -9.459713 -35.513191 -33.176861 -31.131302 -55.625938 23.304195 -5.966206 -19.122234 30.591293 -13.464708
-345.093689 165.764099 -46.276577 56.334484 14.969622 -14.108807 -41.166386 -43.727348 -32.211342 -55.909321 19.379688 4.658330 -26.293285 35.040581 -8.377439
-415.861847 156.193604 -22.894455 38.195755 28.742393 -12.139701 -46.874496 -42.358353 -32.214275 -51.152229 12.963690 11.440434 -24.791893 32.312439 1.787067
-516.936646 113.567139 0.837105 20.534851 17.406631 -13.495653 -32.541458 -34.125458 -32.372757 -31.383087 3.208296 3.487195 -17.528780 11.081863 4.096209
-597.961731 76.186150 32.391598 22.675282 4.116327 -18.268621 -27.127312 -30.287424 -27.109550 -17.512981 -10.454140 -12.925553 -9.006463 3.483208 -0.412974
