city031_016
TAKAO
26
-487.435913 26.040449 -11.959610 -2.815166 -20.928942 -23.158970 -26.742962 -0.200384 -33.869202 -22.467649 -15.543036 7.324477 -12.335916 -22.393959 -11.578748
-330.951813 62.228600 -29.420588 10.089075 -33.420982 -22.254120 -37.627876 -0.672084 -41.300491 -21.806694 -16.927525 7.920723 -12.847149 -18.671434 -17.179951
-261.324432 112.474106 -20.228004 6.236511 -33.791882 -16.257748 -33.630219 0.177339 -37.758263 -7.843938 -2.347095 13.609377 -16.775799 -13.646754 -21.627876
-242.034485 156.780701 -43.273415 -2.021824 -25.352676 -18.153812 -29.873257 -1.649501 -36.292439 -7.467026 12.566423 19.204472 -29.980759 0.597396 -18.009476
-254.789719 165.239304 -54.625366 3.048500 -23.906548 -17.574572 -27.040005 -8.131660 -30.560061 -12.378677 13.512762 31.182508 -39.271034 14.116524 -13.895484
-294.210663 172.238312 -39.554245 15.492050 -22.438728 -14.368701 -19.004725 -15.074802 -32.489468 -25.087418 3.353266 26.674034 -41.445763 16.237411 -11.704020
-368.216705 169.819092 -21.406841 19.457018 -21.891041 -6.002892 -19.094814 -21.393158 -32.071449 -38.389992 -0.127102 8.434219 -28.880766 14.463446 -10.438070
-377.967041 141.445953 -38.204361 -24.426170 -36.747219 29.527746 -28.929283 -5.149686 -38.431458 -43.095764 16.767712 -7.029910 -9.501813 2.713125 -28.091461
-290.887878 134.257507 -48.316589 -32.428173 -46.475899 29.739746 -37.505836 1.001067 -38.786213 -35.989594 15.205286 1.099133 -10.348528 6.400570 -31.277189
-266.622833 172.530365 -28.321754 -21.764008 -48.318871 15.015427 -38.218040 7.766435 -36.338402 -40.537193 23.658817 7.470794 -15.431897 7.858742 -31.294191
-294.562286 219.140228 -29.372404 -31.232798 -49.697330 -10.479764 -30.144529 24.004356 -32.225212 -59.977905 28.158348 24.279369 -27.893463 1.344017 -23.883858
-316.933105 227.066376 -22.350504 -39.541138 -41.517406 -26.262444 -20.296375 31.207088 -36.253429 -51.411697 19.838520 37.793816 -27.331032 -2.164075 -20.403414
-333.049713 231.426941 -18.190527 -36.177513 -31.391750 -40.801594 -16.138844 36.103779 -41.578438 -43.556683 19.538006 35.241016 -28.186428 3.846676 -19.812679
-353.846588 224.833130 -21.340370 -36.933655 -25.922729 -49.211590 -10.571665 37.181309 -41.079735 -37.958965 14.664976 25.935930 -29.974770 12.662609 -20.600115
-370.968475 217.876755 -23.986668 -37.248482 -22.465618 -46.130501 -7.394113 33.264366 -41.404198 -35.584923 17.237505 19.388237 -26.189072 11.086424 -28.226944
-390.777924 228.236984 -12.398630 -34.642048 -30.090504 -53.659435 -5.106323 33.116161 -39.664993 -42.893013 17.305683 18.295387 -12.902540 0.649113 -30.526773
-420.631409 232.757538 13.934874 -18.620384 -36.298286 -66.103592 -1.804671 27.651539 -39.268471 -39.487267 9.679752 8.345142 -2.255711 2.338414 -24.644043
-427.039581 235.661804 32.850014 -5.969568 -45.061005 -69.619598 -0.758854 14.185737 -41.539619 -31.027130 7.460566 -2.500659 -4.014035 11.326383 -11.682592
-412.657898 239.523270 33.856293 7.952963 -40.853165 -64.598297 0.026663 -2.566874 -38.671391 -15.141006 1.221487 -13.122983 -10.010029 8.351894 -2.039394
-394.709381 233.755524 22.979168 25.322697 -39.937309 -69.226906 2.271520 -10.589800 -36.833878 -9.132257 -5.021744 -14.592367 -16.445642 -2.724855 6.809788
-382.589996 224.969849 18.642323 29.666504 -55.419022 -65.317070 -1.743447 -20.999264 -29.680096 -18.949818 -9.374372 -11.402250 -26.419903 1.579815 9.913534
-413.471802 212.160614 31.650366 25.803036 -64.516357 -64.944679 -4.141687 -22.405592 -28.932026 -25.893005 -10.000322 -11.511908 -30.553041 3.658384 7.848200
-495.367828 184.715866 56.154984 8.429699 -61.696281 -59.826801 -7.156621 -12.276283 -31.544445 -25.667582 -6.023135 -11.165903 -21.192135 3.013401 2.630460
-586.122986 136.280518 63.947205 -3.574521 -37.764851 -37.896057 -24.497318 -17.948624 -18.038647 -15.613052 -11.505409 -9.542980 -9.049547 -8.996731 -6.519032
-627.338074 95.481407 58.907669 16.599453 -15.632803 -30.408165 -30.088091 -22.393991 -14.574386 -10.023915 -8.457233 -7.957733 -6.745942 -4.073766 -0.609434
-635.983459 84.406906 51.880287 16.715263 -7.799012 -18.661621 -20.479412 -18.531494 -15.101362 -10.555748 -5.415114 -0.646608 2.990040 5.007255 5.010831
