city031_009
KESENNUMA
37
-445.038086 15.928798 9.661913 72.275879 -50.597206 -22.389549 4.101223 7.841249 -49.937889 -24.102760 -20.791866 -2.921138 0.131962 -5.642755 -16.663280
-319.319702 11.231870 0.950151 69.967972 -49.350250 -16.961956 -9.542500 1.035776 -49.324715 -26.042112 -20.787426 1.022686 -2.487162 -7.191863 -16.820347
-276.185669 39.323559 17.563738 87.687531 -34.107086 -18.422501 -17.666512 0.253170 -43.055729 -30.231602 -21.444290 4.332721 -5.924581 -10.391809 -12.647816
-258.771484 94.710434 7.597418 93.868057 -20.861422 -46.587860 -22.210340 2.717282 -28.521664 -42.993542 -22.994503 13.897520 -7.188059 -3.982628 -22.818756
-253.000854 123.181702 -21.713902 89.764076 -10.845942 -59.009750 -11.122745 -17.036432 -16.420425 -41.829384 -27.390625 27.942081 -17.612312 8.610210 -28.140205
-250.015732 122.644447 -26.289730 81.947571 0.208849 -46.774071 -18.036827 -20.839687 -21.256134 -32.531929 -28.124800 21.395523 -8.383876 7.568040 -27.842398
-234.488159 83.126816 5.452235 57.650314 -3.777171 -21.376190 -35.470104 2.760635 -34.014732 -21.769724 -19.635548 6.122141 2.240393 -4.208127 -20.843819
-214.934692 28.946047 12.782211 38.149788 -4.621297 -3.546303 -28.106842 6.066502 -26.663488 -14.632879 -15.124454 10.911613 -2.281974 -3.440182 -17.172422
-218.197418 -17.244057 -15.720072 15.500336 -7.980397 -1.347988 -14.352266 15.735430 -19.772629 -8.808926 -11.488214 14.309256 -1.780220 0.075105 -19.330612
-224.846588 -21.452950 -12.762742 12.115634 -12.901600 -12.443491 -25.742416 4.835407 -31.902882 -16.112463 -16.167217 6.184641 -7.904900 -0.278000 -19.626427
-216.226486 38.999901 29.001942 33.486687 -10.766289 -21.780682 -45.902664 -6.551673 -37.039436 -29.591316 -29.608486 -4.270238 -4.165525 1.454826 -18.762917
-212.218643 84.147736 2.284163 52.346039 -11.948799 -36.903507 -37.343967 -4.397875 -26.350071 -34.228584 -29.260460 3.332921 2.941110 3.251883 -21.089237
-234.154083 99.007210 -34.217567 65.874146 -11.944634 -46.069138 -19.618673 -13.229373 -14.188361 -24.872280 -24.584301 22.531151 -0.549711 6.730960 -19.179358
-277.051880 116.534698 -52.923126 69.527115 -0.695077 -51.258217 -6.833417 -30.289642 -4.244797 -20.998138 -22.663868 36.751972 -15.921228 20.224941 -26.278545
-296.126038 114.470612 -39.954727 63.947701 6.158899 -44.831673 -9.493286 -23.842163 -4.167102 -26.365108 -24.596279 30.330942 -24.746357 36.033737 -29.772802
-322.321472 107.427902 -22.753889 75.690536 8.898354 -45.551498 -13.605603 -12.281374 -11.916850 -23.745817 -30.233746 22.597057 -15.964508 43.230240 -31.779202
-346.313721 101.441895 -26.331753 103.906693 12.800936 -44.436340 -10.300358 -9.430387 -14.884102 -17.811123 -27.281891 12.193959 -4.570331 35.899082 -32.950871
-349.281555 107.865646 -42.027237 109.928406 15.424608 -35.418983 -7.843401 -13.166909 -15.882532 -19.752106 -17.113789 6.405640 -1.042910 25.385880 -26.712627
-340.107941 114.637970 -50.133423 102.048767 12.125051 -29.679157 -6.555001 -10.991085 -18.196579 -24.200706 -13.346938 0.712564 -1.746018 19.697140 -25.011627
-346.296814 113.479790 -40.612740 104.589203 13.446016 -22.963572 -5.106534 -7.253477 -19.710945 -32.180527 -12.952769 -1.060032 -3.744145 20.738182 -27.533646
-354.779572 110.038757 -27.301750 103.404457 13.521387 -23.837801 -2.988948 -6.362152 -24.987709 -35.758507 -13.641468 3.057642 -2.196039 29.895668 -35.367760
-322.660004 123.332520 -32.789658 83.374802 1.639162 -26.542305 -5.173910 -9.196301 -20.880024 -26.717216 -12.192948 -1.841232 -9.456430 38.357704 -30.320948
-300.964203 127.105820 -43.811153 75.994919 -0.266892 -33.932018 -14.519709 -8.191780 -9.633091 -25.129223 -13.613976 -2.577548 -16.444826 38.121376 -34.207565
-298.645569 127.551102 -47.787567 76.883759 8.061246 -52.615654 -7.878768 -21.181770 -6.085564 -30.012903 -24.365047 4.453933 -25.853989 32.352066 -29.527475
-296.494141 123.813644 -54.350746 78.078552 24.354866 -55.124321 6.530620 -37.259941 -9.152347 -16.879843 -36.629906 16.644205 -28.891750 33.083740 -10.314404
-297.445770 120.456093 -56.086712 76.829132 34.232437 -52.914978 10.713984 -45.600761 -11.539460 -7.439292 -40.016502 15.624097 -32.951897 24.668337 -4.055091
-298.779846 119.279663 -53.684021 74.409256 24.975773 -51.451195 9.153776 -44.619686 -10.136015 -10.625603 -39.399727 22.508364 -37.629593 18.753920 -12.348104
-297.074585 126.547867 -54.538143 71.637848 8.363585 -47.545773 14.974834 -23.379433 -8.217140 -14.573099 -47.960258 32.853264 -34.195858 21.942764 -21.341125
-272.211060 149.265610 -66.782349 49.104656 -4.674748 -48.877129 17.329285 -20.849539 -12.002916 -13.158548 -43.265186 40.652565 -36.398750 10.563917 -25.355652
-261.452881 164.156097 -78.766029 27.548693 -12.215443 -45.856186 24.219490 -21.509083 -15.493412 -2.735891 -36.972847 41.446655 -36.076633 0.566386 -18.569256
-224.666733 137.418152 -50.722252 1.531088 -19.244740 -28.437706 12.066846 -2.987875 -21.427315 -7.165985 -24.788939 15.701597 -13.230186 -23.787766 -6.218392
-192.425446 129.803223 -35.276173 -13.033858 -27.085562 -24.080931 2.080291 -5.919747 -20.827972 -19.671946 -20.222343 6.500186 -3.452008 -36.824203 -11.215905
-220.568054 141.156219 -30.261349 -12.361906 -29.925426 -23.599873 -0.916753 -7.329205 -21.951723 -28.277763 -21.397158 12.152518 -1.760243 -35.707432 -16.168251
-352.334717 187.890457 -49.064789 1.234405 -27.496904 -18.880512 4.916027 -23.032112 -1.968780 -35.142014 -29.793217 33.320354 -15.235228 -25.957621 -19.480335
-473.684235 141.437454 -7.722474 -5.061754 -26.239769 -12.488493 -11.701094 -20.094625 3.767781 -32.250687 -17.639183 28.158712 -17.484203 -30.166237 -20.697536
-561.545410 100.795792 19.415443 -2.499942 -15.643648 0.985164 -6.300379 -20.532227 -6.296072 -18.782503 -8.777185 10.873757 -15.014168 -19.190685 -13.916691
-626.630859 67.255081 37.392433 12.729263 2.485769 0.484638 -3.314164 -10.562430 -15.140554 -12.752018 -6.761647 -5.081998 -9.490026 -13.211533 -11.839781
