city031_022
NIHONBASHI
30
-498.325897 93.259155 62.712643 61.361172 8.553938 -21.814556 -8.278419 -18.235933 -20.734322 -7.683142 -9.195663 -9.004648 -9.459467 -11.147982 -5.006592
-379.223419 122.805328 26.972441 100.689835 -20.809120 -55.911530 22.517811 -12.816198 -22.850845 -15.167216 -20.029406 8.906345 -10.793549 -22.727194 4.222132
-322.136780 128.777740 -1.215553 112.606827 -24.827866 -61.611454 21.025286 -12.098184 -16.029390 -21.952999 -28.491655 11.230353 -6.261908 -26.327389 6.788719
-272.241730 126.114029 -35.388550 111.145401 -2.651655 -70.164230 9.557717 -16.608526 -10.711187 -24.068310 -36.174576 4.123849 1.865070 -13.954753 7.908687
-213.690002 142.005585 -63.280693 90.047745 18.377626 -70.993134 -9.049408 -25.911175 -12.213091 -19.046162 -28.267933 1.142104 6.828864 -11.095558 12.162649
-204.610016 155.661957 -68.576126 62.650581 20.493200 -54.500626 -16.478123 -18.612251 -13.401085 -17.227365 -16.383404 -3.602261 8.468222 -17.183294 13.345066
-231.375900 142.432495 -45.624851 28.163122 5.132715 -36.689407 -13.345210 1.780788 -19.756231 -8.656711 -16.734547 -9.499656 8.420434 -27.503586 15.484310
-235.370911 160.285706 -9.338594 19.981468 -33.515640 -53.091000 -12.730839 12.895641 -17.979095 -6.764161 -20.870398 -11.212024 8.741272 -28.609190 9.822008
-218.777985 161.543396 -14.942533 33.691933 -45.600834 -58.794525 -21.154884 22.039963 -4.441690 -9.672891 -16.783329 -8.109082 7.989895 -12.167441 7.591614
-225.919495 151.496017 -11.797367 47.192848 -44.035736 -54.245308 -33.561993 15.658559 5.465462 -15.729018 -12.707973 -12.186362 -3.668421 4.374166 6.837043
-261.018646 151.549866 -2.151009 49.475716 -47.794064 -52.019646 -46.730324 9.468749 17.084190 -8.032558 -12.820260 -22.580521 -15.178501 8.677583 7.063899
-280.075653 156.222504 -4.444348 57.635029 -39.533550 -55.889809 -55.233925 -0.819749 33.376656 -4.103592 -18.338169 -39.080673 -9.055297 17.887341 3.554559
-284.919922 152.764801 -12.978363 70.734673 -19.595013 -48.665520 -47.807590 -7.816946 28.960438 -4.103017 -13.564977 -37.734367 -6.986564 26.898325 2.583319
-308.452057 147.430634 -10.647144 81.175369 8.090438 -38.508278 -34.630844 -11.450533 10.208975 -12.118199 -11.508438 -20.945820 1.304146 30.006100 0.201559
-351.143555 150.940155 8.550028 74.753860 24.070992 -37.217941 -28.170563 -13.145360 -7.547044 -16.556782 -7.958646 -4.988578 1.134888 22.092403 -3.922469
-282.479858 165.176147 -33.165817 43.644142 -12.400007 -31.040890 -2.388422 -11.382375 -10.279285 -21.657995 -15.291956 0.963183 -1.185258 4.439855 -11.128940
-184.483444 169.999512 -57.530411 26.974583 -45.224705 -43.376228 -14.999596 -7.659357 -21.711960 -17.448145 -17.690212 7.288512 -4.690788 3.909039 -10.355137
-163.557907 186.426056 -70.837280 8.033714 -57.261208 -46.313187 -14.402584 -9.903657 -31.745502 -11.677999 -14.084036 15.594030 -8.672106 -4.037485 -6.332095
-177.003876 190.583405 -79.683777 -12.430959 -48.096725 -47.205029 -14.545183 -14.377112 -35.668659 -0.114878 -10.416828 20.907520 -19.388996 -2.669191 3.375123
-190.481979 150.370026 -57.316833 -9.213406 -41.134071 -26.341560 -29.935308 -10.368039 -31.211706 -0.323093 2.879745 2.500343 -19.537430 4.328871 -7.512719
-201.349991 72.324295 -7.301520 -3.509199 -37.861282 -6.170945 -34.703915 -15.620519 -22.306076 2.898989 -2.660386 -2.408170 -9.711691 2.918125 -11.267868
-230.601089 -0.179610 4.514351 16.504202 -35.251999 0.769703 -24.927114 -9.051475 -12.513927 2.467983 -3.974332 -0.806808 -7.421614 1.763259 -10.266184
-258.807068 -46.109146 -11.134378 25.903385 -34.427326 -0.220701 -21.381439 -3.311286 -17.039469 -9.133359 -9.399780 -2.378186 -10.342364 -0.853388 -18.939091
-244.660812 6.301803 28.235144 72.132126 -17.149986 -17.443296 -39.333183 -11.683016 -31.635298 -30.279503 -23.346109 -13.326501 -24.624722 -8.750332 -18.626713
-257.947754 51.281441 40.808895 101.740082 -21.744455 -43.320728 -35.805340 -4.042989 -24.273083 -30.702026 -23.411352 -4.614421 -25.384087 -20.367332 -11.476601
-281.722870 77.685471 28.684174 119.234375 -30.666651 -56.592812 -31.137772 -2.334928 -14.253887 -29.411968 -19.892210 -3.116594 -19.401516 -17.247570 -8.919024
-327.964478 97.100784 18.337988 131.561188 -31.342854 -59.426861 -28.217621 -10.301275 -7.231368 -37.984596 -14.957603 -10.102174 -21.604809 -15.627312 -7.255611
-407.308594 87.666443 27.140686 110.510483 -16.349094 -59.211082 -15.765784 -13.285450 -15.034792 -37.005905 -19.237549 -13.035106 -28.486946 -15.473130 -4.120599
-514.196106 63.707535 35.317673 52.887768 7.982735 -30.387665 -17.555964 -15.457464 -27.782917 -28.332729 -10.716687 -9.663759 -26.396803 -13.731245 0.406381
-560.204834 41.582275 29.980480 17.898579 2.987633 -11.694815 -18.427753 -19.454380 -20.589958 -18.962402 -13.434318 -10.702253 -11.091078 -8.357485 -4.344090
