city031_025
NOGATA
22
-480.154755 126.363586 32.484962 19.070244 1.927532 -9.013539 -19.812653 -20.487686 -21.185730 -18.510502 -16.519783 -15.713286 -10.511911 -8.252184 -6.625327
-393.433289 175.090698 0.864717 34.020996 3.064758 -25.011093 -20.380856 -21.913170 -15.545509 -27.074610 -15.083752 -4.234706 -16.995699 -1.538237 0.716922
-318.893372 188.460846 -36.583817 42.420074 -13.111729 -33.133934 3.459379 -13.069576 -8.733205 -25.013390 -20.505913 0.903653 -10.593762 0.727017 1.492327
-294.756012 196.862427 -42.481686 40.947380 -25.735889 -47.489166 10.747623 -0.038599 -10.315941 -21.835772 -21.917423 0.684123 -7.144557 -1.705162 1.770416
-299.743195 206.691895 -23.844963 32.732101 -31.926622 -64.973038 4.460418 13.840595 -12.091244 -21.400429 -28.952776 -1.023295 -10.503689 -5.177968 -1.889136
-315.940430 220.868103 -8.711372 18.035240 -27.365011 -62.013412 -6.273998 17.504879 -10.426633 -28.505257 -26.474678 -7.624966 -18.817472 -4.132709 0.007177
-305.562622 228.717682 -28.261288 -3.090683 -19.188549 -38.397419 -18.704090 5.863015 -12.611778 -41.715752 -5.030195 -6.316610 -32.525871 0.861278 13.184739
-261.354980 232.433136 -60.696419 -18.100060 -15.521520 -32.131996 -43.100777 -3.766893 -14.249558 -50.035179 10.540925 17.256165 -24.716963 -2.075715 9.369788
-242.968552 251.637634 -65.213440 -38.663715 -14.075148 -33.015808 -54.262314 1.901067 -11.264524 -47.094543 8.768031 24.198238 -22.060694 -8.056705 14.396338
-257.956085 249.167023 -61.508255 -51.935600 -1.525914 -44.709816 -55.052525 17.116453 -19.468760 -30.852531 0.096326 27.675020 -27.320477 -9.718195 13.082024
-276.066895 239.084656 -46.447441 -42.814461 9.971888 -51.197914 -52.532154 19.065723 -33.458092 -19.459454 4.978469 18.167402 -36.170311 -2.533609 6.388972
-315.560059 229.597137 -27.207539 -27.110397 17.093096 -47.310181 -44.582657 5.485515 -40.675552 -17.535131 11.327021 11.252823 -37.022331 1.025413 -2.645924
-402.103882 193.574265 -9.735567 -14.992622 15.020063 -27.603645 -25.328064 -4.241672 -38.608101 -23.214367 13.783417 3.694582 -22.470501 -3.672921 -5.716371
-369.362091 107.377480 -27.274067 -5.704942 1.465794 -12.037758 -57.475533 -7.918277 -11.933803 -10.800341 -8.240564 -1.638181 -15.316361 7.358012 -18.923714
-240.483307 142.516632 -24.782066 -8.344444 -13.783466 -27.058556 -58.926750 -5.657146 -16.779079 -14.497510 -4.043674 0.366760 -25.122662 14.456524 -17.818953
-223.706848 171.181717 -37.601852 -16.753891 -16.424961 -30.542244 -51.290989 2.558363 -19.608934 -25.201813 2.511718 5.291406 -34.300095 18.997921 -15.099989
-269.031158 213.149109 -59.807060 -34.823898 -10.313473 -27.613274 -42.356659 12.159908 -15.121857 -37.519295 9.689970 11.018156 -40.839256 22.704947 -2.835205
-300.165527 239.701050 -58.530342 -55.115196 -10.692783 -42.726616 -40.862617 10.155449 -21.355629 -39.892117 11.066505 10.051667 -27.746920 3.361767 5.099671
-342.111359 238.114594 -43.385246 -62.719902 -17.335819 -54.313042 -36.404411 8.766540 -26.247768 -41.304646 7.769369 9.760436 -18.923805 -3.762346 0.186052
-411.057159 192.998627 -25.570425 -58.998253 -32.428211 -49.288239 -27.802916 1.545324 -30.347256 -39.618801 5.305584 13.424007 -10.736135 -6.946503 -4.639769
-503.504333 129.132629 1.733734 -38.706406 -35.078651 -35.828331 -18.103001 -4.852731 -34.669086 -37.992004 -1.423071 11.489603 -8.270952 -16.233585 -8.076051
-576.490906 79.855637 21.549721 -23.542667 -27.267052 -9.471702 -6.607976 -16.979235 -31.302149 -21.560305 -4.067615 6.199868 0.041402 -15.298885 -17.049976
