city031_098
PYUUMA
20
-405.503082 23.618776 -45.251816 62.154686 7.850358 -41.685349 -5.256901 2.478052 -15.449435 -22.328632 -22.223997 0.635378 -18.191689 -9.541224 1.124165
-347.752625 85.142792 -1.774517 87.017639 9.355118 -56.506283 -11.380320 14.390707 -7.196661 -26.095762 -25.933756 -1.796279 -23.984327 -11.785860 8.087946
-334.913452 127.543076 2.208068 93.291122 17.264307 -75.655563 -15.458105 20.313595 5.215176 -35.118813 -29.009678 7.472066 -33.172401 -7.926937 23.764191
-323.831207 140.932297 -7.398062 87.640541 25.006662 -74.609947 -27.091703 9.328379 4.641586 -38.195747 -24.488998 15.230079 -31.567539 4.564469 30.467272
-317.166229 151.187531 -10.788824 73.181938 28.825838 -66.285126 -38.230988 3.920084 6.569442 -38.828644 -25.090199 5.143921 -17.797062 8.959641 27.662560
-318.764526 157.053223 -7.109873 49.722462 35.288330 -55.579185 -50.472435 11.094280 5.894210 -46.842560 -29.856918 -9.799215 -11.909509 6.383217 23.939852
-323.281281 163.384583 -13.205599 29.724850 36.240341 -62.173473 -55.605911 15.623654 -0.135442 -47.339142 -32.305767 -25.555773 -9.985172 8.279499 17.314201
-333.768463 174.193848 -24.341179 12.097183 35.635796 -57.750938 -51.303940 5.636856 -11.340437 -43.157501 -17.000732 -26.285900 -19.035721 8.389135 15.831526
-347.721649 181.847229 -27.622303 4.426563 24.374994 -52.457634 -44.048580 -2.207573 -15.458683 -32.310921 -9.128689 -17.938131 -24.463675 8.235106 17.766298
-357.624847 181.816833 -31.493912 -0.469632 6.073848 -53.918335 -29.931982 -5.409808 -28.110020 -20.231339 -0.475158 -14.467047 -20.054482 7.750807 8.156387
-377.547791 173.416962 -21.159594 2.566911 8.148663 -44.048805 -19.694050 -3.329776 -34.800056 -24.605433 2.391119 -8.524460 -16.943504 -0.490487 -0.636805
-404.776764 161.224472 -11.869884 4.305473 17.709446 -32.501770 -17.337358 4.719797 -31.741516 -34.717155 -0.683826 -4.397377 -17.516037 -3.930956 -0.460617
-382.613892 180.853668 -18.948133 -21.664768 -3.100060 -40.529583 -17.587503 14.736725 -20.035172 -31.701725 -0.727360 -2.996800 -16.589811 -2.598073 2.399091
-366.850769 193.950699 -26.642103 -41.462948 -14.947647 -41.734951 -15.440514 21.716139 -13.978903 -35.850437 -5.924248 0.818438 -13.167435 -6.352383 -0.106228
-377.644897 194.346527 -24.406565 -57.781433 -19.005590 -31.017635 -15.883417 22.790340 -3.567786 -40.694992 -15.176250 7.615966 -12.022796 -16.567375 -1.044754
-386.039307 194.940613 -16.355162 -63.598270 -26.598148 -29.303698 -18.510914 17.114897 -2.268415 -41.189583 -18.086235 12.864305 -9.300999 -25.786678 -5.698375
-403.827545 187.419113 -2.111594 -58.109390 -38.326740 -36.846577 -14.232794 19.479210 -7.634721 -46.069168 -16.829803 16.574482 -10.928829 -34.752720 -12.462467
-452.614868 151.488693 9.257480 -45.338768 -42.239727 -37.092308 -10.339002 14.239696 -12.238624 -40.906288 -15.424017 10.850572 -9.748661 -30.459845 -18.813972
-530.984375 88.185974 14.339355 -31.707462 -38.941643 -24.703331 -4.434347 0.640598 -14.609392 -21.844540 -7.356256 2.829331 -5.591546 -13.826672 -11.662706
-582.462036 42.681404 16.290966 -8.928056 -21.428699 -21.410110 -16.399925 -12.148381 -8.871903 -4.912534 -1.167615 -0.256005 -2.275412 -3.599961 -0.918313
