city031_029
HEIWAJIMA
33
-383.525787 118.348694 -1.394558 49.224884 -1.327531 -63.981323 -40.858707 6.564222 -13.034853 -10.159605 -12.655355 -7.914042 5.767998 -11.099594 -6.477241
-247.849792 142.557693 -29.647007 61.238712 -10.314794 -66.699593 -39.577427 -0.852786 -10.506168 -4.231895 -19.199091 2.862978 -4.358625 -10.140427 -0.017154
-206.544098 138.523773 -45.571056 61.878059 -12.776346 -67.753761 -41.682213 -0.583120 -14.125700 -0.770526 -20.743334 5.375358 -4.352039 -12.265739 -0.763650
-215.255356 135.605560 -50.250763 57.696682 -12.953943 -68.488739 -48.264084 2.261145 -18.407509 2.574800 -22.494343 3.098751 1.162225 -14.116364 -0.457861
-228.235199 135.700760 -45.785904 65.593475 -13.089163 -66.686852 -51.078152 4.309938 -17.668947 -5.983721 -26.330780 -0.050870 4.751746 -10.166497 -0.553938
-240.806641 128.818253 -39.611961 73.587967 -12.727374 -61.101044 -51.256580 3.724444 -17.000566 -11.920571 -21.806232 -5.530162 -4.832436 -4.162439 10.526419
-258.171814 117.220703 -25.683598 78.094467 -15.527152 -51.148102 -42.566399 2.512056 -18.841183 -23.951199 -11.445279 -6.229840 -15.463049 -0.185966 9.270277
-261.350494 104.013748 -12.471701 85.095184 -26.739895 -41.457550 -36.018005 -8.794748 -25.650665 -35.623928 -4.088564 -2.241384 -20.500935 -6.122930 -3.240429
-268.921997 102.197830 12.425326 98.886513 -36.377258 -39.541382 -27.229158 -11.431062 -39.227341 -25.765415 0.396259 -3.528445 -24.390413 -5.815037 -3.619957
-276.163330 95.395050 13.235425 110.887024 -28.099426 -45.233490 -21.886909 8.443026 -41.407036 -23.854553 -4.625860 -4.755051 -13.422686 -0.299384 -2.713409
-238.335312 106.897820 -39.804424 98.246674 -0.596152 -35.236736 -50.410912 -2.369430 -22.169128 -28.192165 -10.964882 -11.043538 -8.451109 11.996989 -4.569941
-238.063522 134.792709 -62.464008 68.945740 11.743937 -22.217020 -53.972008 -19.551954 -17.231092 -36.185745 -0.970562 -14.518065 -18.655426 19.532391 -1.640943
-274.060120 165.697098 -49.504375 18.666567 2.045568 -16.384163 -45.265396 -22.051968 -10.199146 -30.065163 7.437087 -5.126995 -28.266689 16.223307 -0.172113
-291.657928 186.059509 -33.328560 -19.157406 -14.380565 -21.854546 -31.257542 -9.962894 -9.167683 -25.282936 6.793614 21.477716 -33.120895 5.990234 9.343185
-267.819092 183.974487 -42.678658 -36.985874 -6.444558 -29.639938 -31.389046 -7.470055 -18.911381 -1.746114 3.371274 26.398315 -37.359062 11.733212 11.782573
-247.950714 166.197174 -54.302044 -19.112415 -1.751947 -30.852177 -38.757923 -10.192209 -20.510788 16.319948 0.332435 17.012230 -26.176691 17.234257 1.819122
-240.888321 145.800323 -40.944504 7.673379 2.791334 -35.060928 -55.086769 -18.398945 -17.914886 12.190984 -4.671507 0.614811 -2.118817 13.815978 -10.798208
-263.424591 131.880661 -14.626340 31.669531 10.056570 -48.307678 -63.527458 -11.029657 -11.747441 2.701034 -13.392969 -9.134231 10.807936 1.543400 -18.053146
-308.031128 103.424576 18.878426 45.176025 9.100863 -32.253983 -59.300369 5.260842 -5.641398 -13.613420 -22.960773 -7.699903 -0.566487 -0.301305 -19.278448
-337.377747 46.395138 47.334217 69.256042 1.480104 -12.087826 -48.617249 11.834181 -7.665232 -28.608631 -29.482746 4.234697 -7.461040 5.177695 -11.014612
-326.871338 23.468620 55.977882 99.683189 -15.019613 -33.258171 -46.993698 10.222569 -1.526017 -18.321129 -25.039444 7.049259 -15.716835 1.812052 -6.069379
-305.012543 43.017899 42.141953 99.021080 -24.970032 -40.390442 -37.671822 6.733408 -12.491203 -21.627501 -19.701355 10.722335 -23.930080 -4.740794 -4.437818
-295.108459 66.979462 6.615844 95.079887 -16.412062 -39.152756 -35.102047 -4.018446 -15.422946 -18.738701 -19.080540 16.594419 -20.522873 -8.165593 -1.089006
-294.542969 110.224945 -28.318642 90.909348 -0.069942 -44.519779 -38.906395 -25.218924 -9.323689 -16.173777 -14.485397 12.717019 -13.600401 -11.939175 -5.103468
-316.164307 143.848953 -38.434875 63.509701 8.505164 -40.393654 -23.353558 -28.951715 -11.364828 -17.812958 -11.659950 8.235140 -12.881660 -19.487425 0.211820
-305.405426 173.866104 -49.935989 19.524979 1.052418 -39.012085 -6.881317 -18.101341 -18.465900 -19.984207 -17.614971 7.420480 -18.422321 -19.419861 4.168804
-283.888428 184.209427 -56.210304 -12.777237 -9.315411 -36.750851 -13.959156 -10.678236 -23.157681 -17.859505 -20.492645 10.776722 -27.721317 -18.664669 9.867279
-276.769989 182.600739 -58.193813 -37.763885 -12.942690 -28.405846 -14.522192 3.962074 -17.579510 -3.647691 -25.980705 18.514393 -23.996752 -22.069761 18.836483
-285.833527 192.188599 -41.864426 -50.916233 -13.941862 -23.807491 -22.396168 8.237927 -7.531510 0.077008 -30.014320 22.845877 -16.930502 -23.948357 22.360281
-316.232391 193.640320 -27.200089 -52.898193 -27.129551 -29.564213 -24.892134 2.323874 -0.030706 -2.820526 -24.022415 19.342127 -12.905460 -21.295109 17.132595
-390.617462 168.987610 -15.467539 -57.125458 -38.378788 -30.624081 -21.193962 -6.307217 2.996256 -8.403936 -10.765029 4.771280 -6.996486 -12.468349 -0.039527
-489.637482 104.634666 2.892128 -50.741119 -39.300682 -15.242105 -11.211174 -15.112757 -13.276751 -9.299171 -5.520777 0.504471 3.305715 -4.325426 -15.561981
-554.936890 46.192490 4.825607 -24.002861 -22.981022 -5.166383 4.969654 -1.350701 -11.919083 -12.035973 -2.241680 4.605977 0.361762 -9.010496 -11.652273
